{
  "activeRoutes": [],
  "benchmarkFamily": "synthetic-food",
  "capacity": 4,
  "constraints": {
    "capacity": 4,
    "pickupDelivery": true,
    "timeWindows": true
  },
  "depotNodeId": "0",
  "distanceMatrix": [
    [
      0.0,
      4.441341464017373,
      11.642544266611143,
      9.910112007439677,
      15.721978787671736,
      16.52240966082127,
      15.015850059187457,
      6.438394598034512,
      16.312672773031405,
      11.261249531024522,
      11.116401036306668,
      9.766198287972655,
      12.895301973974867,
      17.348587089443335,
      31.69005913531876,
      8.715189728284749,
      16.82414517887908,
      7.89051683985276,
      12.984378614319594,
      6.8722270771562854,
      8.547366202521104,
      17.967606212292164,
      10.958407639798764,
      6.392630522719111,
      15.359498852501662,
      4.7150827140146765,
      12.050872375060656,
      5.945445399631551,
      17.326466950881816,
      16.593471637966545,
      31.512364176621215,
      4.088062254907574,
      17.95795339118576,
      7.031676115976904,
      10.599146097681645,
      7.897675227559058,
      16.637027138284054,
      19.910013284777083,
      16.627244931136364,
      4.686841687106573,
      10.384570573692491,
      3.217911900596407,
      13.790214501594964,
      9.440311965184199,
      16.864426761677972,
      13.317470067546612,
      28.12982525718921,
      7.782020945744109,
      15.554071010510398,
      7.159526590494655,
      13.905896447191024,
      10.991961835814388,
      22.474538571459036
    ],
    [
      4.441341464017373,
      0.0,
      9.013654364351899,
      12.15788147663893,
      14.011005138818554,
      15.117722215995375,
      12.330769035222415,
      9.95565834086325,
      14.76710618232293,
      8.807920583202373,
      8.25742877656235,
      13.292007410470399,
      9.724971413839738,
      17.21206751090641,
      27.830257095470753,
      11.465892464173908,
      13.625744786983208,
      6.442577900188713,
      11.283115261309707,
      11.059508352544428,
      12.979384615612561,
      16.49577233717779,
      8.811565127717092,
      9.496727699581577,
      12.460136315466212,
      5.301688504618132,
      9.953586740466978,
      8.856142557569854,
      14.043761070311609,
      13.803574935501317,
      35.93839965830421,
      5.894012979286694,
      14.751882456147762,
      2.608710984375237,
      7.899197427587184,
      8.684807194175354,
      14.028680978623758,
      18.89865405260385,
      13.073274264697424,
      7.682103943582121,
      7.0444988466178335,
      5.663192121056817,
      10.395976625598964,
      11.341542928543712,
      14.826148791914918,
      10.983033506276852,
      25.12712926300973,
      11.61640116387171,
      11.77200632857458,
      8.261680519119585,
      10.037711392543619,
      13.694009237619198,
      26.407146343366975
    ],
    [
      11.642544266611143,
      9.013654364351899,
      0.0,
      11.758243959027215,
      5.449075517920443,
      23.015926659598136,
      3.389004573617449,
      18.070036690610234,
      6.328753589767894,
      16.297072927369506,
      0.9222933372848379,
      15.316957987799015,
      1.9934492719906414,
      25.86818944186083,
      30.173079673775433,
      20.10747684320437,
      5.37735715756356,
      15.052847604357126,
      3.239614946255187,
      15.478121979103278,
      18.426340385437364,
      24.25550993073533,
      1.3690014609196002,
      17.9069100070336,
      3.7371432940148246,
      14.28792161232697,
      1.6481419841749059,
      11.314823021152382,
      5.954229589124018,
      20.123654986110257,
      41.19647267667463,
      14.678943354342644,
      6.474233004765896,
      8.619148565838744,
      1.114512000832653,
      7.587515864892803,
      5.057527953457105,
      26.95349624816788,
      17.891672504268573,
      16.1033033257155,
      2.6128683472383427,
      14.206863270968718,
      3.1627426389132616,
      10.612920851490408,
      5.9237748944402036,
      18.294188148152408,
      16.487479492026672,
      19.394210708353153,
      5.622755196520656,
      17.262391491331673,
      4.911741137315774,
      13.705658758337735,
      27.93636155622274
    ],
    [
      9.910112007439677,
      12.15788147663893,
      11.758243959027215,
      0.0,
      12.08118144057112,
      26.397581953656292,
      13.923855823729289,
      14.168838943258548,
      12.116477252072903,
      20.72043312771237,
      12.006149924101397,
      4.323954324458114,
      13.746014586053665,
      27.148515576362552,
      39.56153050628856,
      17.06286130752987,
      16.586903418058483,
      17.64145526876964,
      10.371967219385144,
      7.0372398708584605,
      10.061544463947868,
      27.838469085062854,
      10.400609309074156,
      14.77747356620881,
      14.704537700995566,
      14.625057299033058,
      10.781233927524253,
      4.056454732891769,
      17.21515265688922,
      25.900322874435375,
      30.530673494045296,
      13.868731917518634,
      17.49300345852593,
      14.217412035950852,
      11.41951251148665,
      4.366195827032957,
      14.88585906153891,
      29.81999324278931,
      25.17404699288535,
      13.657001318005356,
      12.709275431746693,
      12.919170445504617,
      14.918417610457219,
      1.145821102965036,
      13.660262442574087,
      22.867686743525244,
      25.71034883077241,
      14.359793382914676,
      17.366116347646646,
      16.878758633264475,
      16.398109769116687,
      1.9504525115982658,
      16.17972373064509
    ],
    [
      15.721978787671736,
      14.011005138818554,
      5.449075517920443,
      12.08118144057112,
      0.0,
      28.43373447157443,
      3.7934258922509585,
      22.073375682029244,
      0.9116852527051265,
      21.723241240662034,
      6.369849998233864,
      16.31260009930974,
      6.2552384446957685,
      31.130771866434664,
      34.68914073597096,
      24.43031946168531,
      6.09320687323186,
      20.291974398761692,
      2.76547952442248,
      17.745719145754563,
      20.908526968679553,
      29.687540989445385,
      5.219871358568141,
      22.113849280484843,
      4.60995184356626,
      19.114229463936027,
      4.101089123635326,
      13.403710680255672,
      6.637926935421927,
      25.551066709630735,
      42.60142538695155,
      19.278031279152962,
      6.518083230521066,
      13.984661955156442,
      6.436918905812003,
      9.182488606037039,
      3.520884121921648,
      32.36200302824285,
      23.202705984432068,
      20.39047017604057,
      8.053395619240371,
      18.65984190715452,
      6.866328349270805,
      11.08240465783487,
      1.5894153012979342,
      23.736678790428957,
      13.658021086526409,
      23.12591129015244,
      8.781677744030464,
      22.08205008598613,
      9.093261516089813,
      13.807270620944605,
      27.461050325870644
    ],
    [
      16.52240966082127,
      15.117722215995375,
      23.015926659598136,
      26.397581953656292,
      28.43373447157443,
      0.0,
      25.81338892900349,
      15.263226723075306,
      29.281248231590133,
      6.723739584487196,
      22.109364192576866,
      25.941744158787785,
      22.833315308995324,
      5.015240871583338,
      20.860689178452372,
      13.322353583357565,
      26.00228993761896,
      8.8302677762342,
      25.880791042779205,
      22.27833252287972,
      22.122803167772393,
      1.4474177005964772,
      23.292727727769456,
      14.137263455138692,
      25.588087540885113,
      11.851206183338473,
      24.358802023088085,
      22.46778609476243,
      26.161503206046856,
      5.534860612517722,
      40.454574636250975,
      12.867808282687463,
      26.945472142829495,
      14.472040422829119,
      21.99716965884475,
      23.62528994531073,
      27.43200577792299,
      3.9545012327725937,
      9.163718950295236,
      14.017002318612924,
      20.47243261070848,
      13.826925760992578,
      22.921316476153812,
      25.82489870260869,
      28.887726061426164,
      4.896337406674506,
      36.785185333228924,
      16.758789723604746,
      22.90793399676191,
      10.355365758871102,
      21.34053722379078,
      27.506308839973425,
      37.34766510774134
    ],
    [
      15.015850059187457,
      12.330769035222415,
      3.389004573617449,
      13.923855823729289,
      3.7934258922509585,
      25.81338892900349,
      0.0,
      21.449078907962456,
      4.653606128584586,
      19.099443185600986,
      4.073612279046693,
      17.843078041638446,
      2.986579314198767,
      28.92921646018087,
      30.92338152595864,
      23.495483757522422,
      2.713967206876313,
      18.18266165884412,
      3.6287657681366015,
      18.471021736763777,
      21.50757122503608,
      26.990640044282017,
      4.186358919156362,
      21.295278960370535,
      0.8842307391173392,
      17.625256650613633,
      3.314958219947876,
      14.190275120659216,
      3.3393235842008457,
      22.48221559366425,
      44.00966626776441,
      18.05408435783992,
      3.5702976066428986,
      11.662700973616703,
      4.4808843993122585,
      10.154335478011351,
      1.7009129901320679,
      29.767083162446397,
      19.88465652205237,
      19.49228180588409,
      5.467844639343733,
      17.593465264125765,
      3.2311089427625284,
      12.811469743944288,
      3.343509682952936,
      20.9936866700444,
      13.127617453292888,
      22.74856120725001,
      4.988319957661098,
      20.59211519004301,
      5.41598052064444,
      15.814765821851424,
      29.91299765988023
    ],
    [
      6.438394598034512,
      9.95565834086325,
      18.070036690610234,
      14.168838943258548,
      22.073375682029244,
      15.263226723075306,
      21.449078907962456,
      0.0,
      22.61984518072571,
      12.489200614931288,
      17.515358431959076,
      11.996352779074144,
      19.248621612988295,
      14.173174556181833,
      33.82500201034732,
      2.920174823533688,
      23.191068711898556,
      8.975983344458701,
      19.362171804836358,
      7.959238280137113,
      6.950258844100701,
      16.633685580772532,
      17.394660013923808,
      1.1349854624619704,
      21.774514690343842,
      5.841641036558133,
      18.4811030514956,
      10.282134895049762,
      23.673444531795532,
      17.452387458453938,
      27.193241384579366,
      4.5220880132965116,
      24.327019402302458,
      12.129383166509335,
      17.01427756327021,
      13.638151817603438,
      23.07487700942304,
      17.71166107399303,
      18.802543790668324,
      2.38639225610544,
      16.666156995540394,
      4.3544085706327555,
      20.08504012940975,
      14.140151519697373,
      23.265019686215616,
      13.942845405440027,
      34.5526933537749,
      1.8829298977922675,
      21.67570644754168,
      5.139160437269886,
      19.96394141946925,
      14.489804691575383,
      22.128423825478393
    ],
    [
      16.312672773031405,
      14.76710618232293,
      6.328753589767894,
      12.116477252072903,
      0.9116852527051265,
      29.281248231590133,
      4.653606128584586,
      22.61984518072571,
      0.0,
      22.576796938449885,
      7.250864569139327,
      16.396560736935054,
      7.166641193753181,
      31.922703911166426,
      35.570620250425776,
      25.02775812972469,
      6.828057410420626,
      21.08550604088031,
      3.484003587828235,
      18.02518443733656,
      21.201012475822946,
      30.542968094145667,
      6.0198372901599315,
      22.696574983904515,
      5.443068436093745,
      19.820996998133072,
      4.924991167504771,
      13.703862886062458,
      7.344743154120502,
      26.443811525572485,
      42.64416847588895,
      19.94145160212767,
      7.156510672108299,
      14.820302426064057,
      7.293169749841291,
      9.502291776197998,
      4.185360796872834,
      33.20420831762143,
      24.11089432186206,
      20.99350185176356,
      8.93855161645331,
      19.299005414787572,
      7.765065679052562,
      11.164777516816,
      1.9249044132112114,
      24.60092457612112,
      13.601009153735614,
      23.620707800571946,
      9.63424859550552,
      22.780519265372337,
      9.990751973700483,
      13.774204441636549,
      27.22702240422188
    ],
    [
      11.261249531024522,
      8.807920583202373,
      16.297072927369506,
      20.72043312771237,
      21.723241240662034,
      6.723739584487196,
      19.099443185600986,
      12.489200614931288,
      22.576796938449885,
      0.0,
      15.38853797473951,
      21.02532235186895,
      16.123740570971737,
      10.276575742921377,
      21.342100763514352,
      11.800241565323995,
      19.381433177141467,
      3.6367464855279663,
      19.197162107978357,
      17.83418296418426,
      18.528203636618425,
      7.966837515601785,
      16.607192206992725,
      11.419751485912466,
      18.8932744118112,
      7.227773792807855,
      17.65940049945071,
      17.0290587526146,
      19.574420962061684,
      5.345618018526955,
      39.518099966977154,
      8.598655011104936,
      20.357963871664577,
      7.803970527878739,
      15.286596907094788,
      17.486797448360864,
      20.727688848494424,
      10.672464101602777,
      6.373355866417625,
      10.465775078798513,
      13.748795474513392,
      9.395742120769391,
      16.250560759555345,
      20.004697673296636,
      22.163999300667744,
      2.1752264249957975,
      30.38214426270799,
      14.324269929040016,
      16.39858780505199,
      7.523740691969659,
      14.768748254337597,
      22.067297886238812,
      33.43663710662303
    ],
    [
      11.116401036306668,
      8.25742877656235,
      0.9222933372848379,
      12.006149924101397,
      6.369849998233864,
      22.109364192576866,
      4.073612279046693,
      17.515358431959076,
      7.250864569139327,
      15.38853797473951,
      0.0,
      15.391821107328399,
      1.9186101740582995,
      25.00397668371973,
      29.406272324114802,
      19.47286316903603,
      5.729139987816676,
      14.202888297807597,
      4.121468185003981,
      15.310670951986394,
      18.1902882055233,
      23.343923770437566,
      1.8985283774544945,
      17.306746112426794,
      4.271424235544859,
      13.55187252744063,
      2.508835785777938,
      11.24468963555686,
      6.262653191739103,
      19.202077101188824,
      41.08222335755454,
      13.999433309959372,
      6.856484376121633,
      7.738676695663156,
      0.6190331170462474,
      7.732140841966084,
      5.771343344490954,
      26.049464965714744,
      16.987866552336698,
      15.492805201124808,
      1.6915158881902386,
      13.566367568365527,
      3.0399927631492845,
      10.861714137280536,
      6.802910700575165,
      17.378656018231098,
      17.04884585536511,
      18.89325683941231,
      5.4012666107127165,
      16.51856122669284,
      4.430080811904004,
      13.956425652723546,
      28.176170641164138
    ],
    [
      9.766198287972655,
      13.292007410470399,
      15.316957987799015,
      4.323954324458114,
      16.31260009930974,
      25.941744158787785,
      17.843078041638446,
      11.996352779074144,
      16.396560736935054,
      21.02532235186895,
      15.391821107328399,
      0.0,
      17.248766042821735,
      25.88786845223067,
      41.12165036814549,
      14.893304435215173,
      20.431127330619823,
      17.591087658243307,
      14.407798200974362,
      4.044692571753752,
      6.397792275465026,
      27.38609471976609,
      14.016947920285643,
      12.849744588901372,
      18.570108938829627,
      14.158112939230286,
      14.585059273105479,
      4.5720448379253735,
      21.052226295572638,
      26.35966775207913,
      26.299345714294866,
      13.07394967100608,
      21.401991893279472,
      15.732388502703591,
      14.77730587759488,
      7.745606819352505,
      18.943187614548936,
      29.018901874467957,
      26.240014881855537,
      12.204417724742134,
      15.762011959137709,
      12.11584590525977,
      18.411332515600282,
      5.234007737862073,
      17.877352292775356,
      23.062610997022865,
      29.966934210893186,
      11.67002900596224,
      20.788244995670034,
      15.78970075713913,
      19.610168918191402,
      3.2091282305324036,
      13.251768674407199
    ],
    [
      12.895301973974867,
      9.724971413839738,
      1.9934492719906414,
      13.746014586053665,
      6.2552384446957685,
      22.833315308995324,
      2.986579314198767,
      19.248621612988295,
      7.166641193753181,
      16.123740570971737,
      1.9186101740582995,
      17.248766042821735,
      0.0,
      26.01296955366688,
      28.642567639790958,
      21.100504851780208,
      3.9445367281849473,
      15.322699664223666,
      4.723597887204205,
      17.229257558002903,
      20.103874352969882,
      24.005589890690047,
      3.361814539798415,
      18.98675227625831,
      2.821077808214436,
      15.018005726460494,
      3.3589742481894698,
      13.150909474253101,
      4.431235719299972,
      19.52107604616098,
      42.99895934787259,
      15.572278767091223,
      5.080585497755156,
      8.787720637343911,
      2.5323113947538123,
      9.54335187447262,
      4.607729701273719,
      26.7875057442831,
      17.004888973468777,
      17.164089081567948,
      2.6840404244347775,
      15.202704627795676,
      1.1728277793435817,
      12.600357177477152,
      6.22434615040006,
      18.008196578225153,
      15.410959866276984,
      20.676941770967975,
      3.629377908126956,
      17.95356588536105,
      3.0794585563049903,
      15.694463291237454,
      29.925374667662894
    ],
    [
      17.348587089443335,
      17.21206751090641,
      25.86818944186083,
      27.148515576362552,
      31.130771866434664,
      5.015240871583338,
      28.92921646018087,
      14.173174556181833,
      31.922703911166426,
      10.276575742921377,
      25.00397668371973,
      25.88786845223067,
      26.01296955366688,
      0.0,
      25.45022455696609,
      11.591097014519377,
      29.486813747843293,
      10.838798549654847,
      28.447351265100238,
      21.94780209952696,
      21.078146336905437,
      5.276209340047076,
      25.911617548891073,
      13.163541050948256,
      28.827658680510282,
      12.735088260393013,
      27.033035882046253,
      23.096938866438556,
      29.722741209383763,
      10.52499619952426,
      37.028719583588085,
      13.294294603325142,
      30.50254350050173,
      17.275950364596444,
      24.786585484894847,
      25.070764009100323,
      30.604629094305327,
      4.219823811487866,
      14.076222788802399,
      13.699313303957977,
      23.469109910688985,
      14.233452040878912,
      26.281165004618803,
      26.769872020613022,
      31.790936381302146,
      9.10034136722354,
      40.629754281806825,
      15.237364207762443,
      26.622760506754364,
      10.271175249210772,
      24.95532315959863,
      27.946642177549702,
      36.06195039095917
    ],
    [
      31.69005913531876,
      27.830257095470753,
      30.173079673775433,
      39.56153050628856,
      34.68914073597096,
      20.860689178452372,
      30.92338152595864,
      33.82500201034732,
      35.570620250425776,
      21.342100763514352,
      29.406272324114802,
      41.12165036814549,
      28.642567639790958,
      25.45022455696609,
      0.0,
      32.85707674154839,
      29.216439088294113,
      24.928227373802574,
      33.32579565441762,
      38.55612103155607,
      39.697648104138366,
      20.204403604165105,
      31.2862312527412,
      32.74267003468104,
      30.180022680574645,
      28.42985502952838,
      31.80942616583959,
      36.65893142196046,
      28.90771033824713,
      16.586618492025426,
      60.6494794701488,
      29.83835077547015,
      29.464224578291557,
      25.454594261154504,
      29.75539362871881,
      35.429991165677706,
      31.79761563388048,
      21.831133387893537,
      15.164650012446712,
      31.790314641412404,
      27.970483907147546,
      30.544214263915844,
      27.851509833400417,
      38.57275777021913,
      34.128851753318635,
      19.994442352813945,
      35.12453252357958,
      35.64444587870599,
      25.989908830159447,
      28.779029048944654,
      25.631585592779857,
      41.29257818301008,
      54.150859679233164
    ],
    [
      8.715189728284749,
      11.465892464173908,
      20.10747684320437,
      17.06286130752987,
      24.43031946168531,
      13.322353583357565,
      23.495483757522422,
      2.920174823533688,
      25.02775812972469,
      11.800241565323995,
      19.47286316903603,
      14.893304435215173,
      21.100504851780208,
      11.591097014519377,
      32.85707674154839,
      0.0,
      25.035355100337608,
      8.681730011927348,
      21.68417349128161,
      10.849999308755738,
      9.534251150457493,
      14.61181771717674,
      19.56439342274633,
      2.3769015545453263,
      23.74239636178286,
      6.478614743909377,
      20.682050599493273,
      13.135159115899585,
      25.477790818671853,
      16.28806081152696,
      27.801479744790562,
      5.57591364710753,
      26.168284200535584,
      13.265065284422842,
      19.017971553244053,
      16.306292098450832,
      25.159203564501006,
      15.353891526254833,
      18.164701208662915,
      4.0417240133388646,
      18.44835998130999,
      5.906559827852421,
      21.839944047547377,
      16.997571414763932,
      25.54009933418428,
      12.868187323784188,
      36.50204521667245,
      3.646279473655301,
      23.211340353370375,
      4.374012459973106,
      21.46117461836607,
      17.409783944667435,
      24.482745597665303
    ],
    [
      16.82414517887908,
      13.625744786983208,
      5.37735715756356,
      16.586903418058483,
      6.09320687323186,
      26.00228993761896,
      2.713967206876313,
      23.191068711898556,
      6.828057410420626,
      19.381433177141467,
      5.729139987816676,
      20.431127330619823,
      3.9445367281849473,
      29.486813747843293,
      29.216439088294113,
      25.035355100337608,
      0.0,
      18.96782952791384,
      6.341813068831348,
      20.835016534670668,
      23.801806360022347,
      27.08725434590963,
      6.506872751176259,
      22.930495415494192,
      1.8842637819583608,
      18.899073046051765,
      5.846673071072133,
      16.6219508482007,
      0.6291740617666877,
      22.19452184661792,
      46.49867586286733,
      19.495466652532333,
      1.1361148709527567,
      12.469287870604324,
      6.289904053322278,
      12.700191691466713,
      2.680165106854428,
      29.945014042407795,
      19.27842319796928,
      21.10735113651166,
      6.589765473823789,
      19.141899853462824,
      3.2734686496131307,
      15.465030779148163,
      5.079672528815222,
      21.115082429391556,
      11.50598913609777,
      24.605824452759155,
      3.4486255233063554,
      21.810836801920285,
      4.700774085190657,
      18.491371933958824,
      32.6167614118876
    ],
    [
      7.89051683985276,
      6.442577900188713,
      15.052847604357126,
      17.64145526876964,
      20.291974398761692,
      8.8302677762342,
      18.18266165884412,
      8.975983344458701,
      21.08550604088031,
      3.6367464855279663,
      14.202888297807597,
      17.591087658243307,
      15.322699664223666,
      10.838798549654847,
      24.928227373802574,
      8.681730011927348,
      18.96782952791384,
      0.0,
      17.61283191312516,
      14.26873704992842,
      14.891538704915623,
      10.252000048770972,
      15.072886186792493,
      7.950375399941813,
      18.14335947392323,
      3.599203939762236,
      16.194571343508912,
      13.793893467763187,
      19.269235610163673,
      8.923779300274077,
      36.130399942430756,
      4.961924324291938,
      20.03416027688708,
      6.535024177461012,
      13.962845340402506,
      14.801073271894847,
      19.872966562644844,
      12.503466919218843,
      9.835263595857509,
      6.862589380110103,
      12.71554175015756,
      5.770830529481873,
      15.707577789080021,
      17.025487775685015,
      20.969772769393575,
      5.499718629166406,
      30.349966803935718,
      10.840604872422942,
      16.400063323048478,
      4.308970758777556,
      14.657220063845664,
      18.85276640177775,
      29.834396860000368
    ],
    [
      12.984378614319594,
      11.283115261309707,
      3.239614946255187,
      10.371967219385144,
      2.76547952442248,
      25.880791042779205,
      3.6287657681366015,
      19.362171804836358,
      3.484003587828235,
      19.197162107978357,
      4.121468185003981,
      14.407798200974362,
      4.723597887204205,
      28.447351265100238,
      33.32579565441762,
      21.68417349128161,
      6.341813068831348,
      17.61283191312516,
      0.0,
      15.414850145233329,
      18.53812032003245,
      27.162152731328202,
      2.5899903474723653,
      19.376830726411377,
      4.475404004109573,
      16.354592780011373,
      1.6159186241887313,
      11.070276103151174,
      6.967975674469595,
      23.240009315832907,
      40.673402218157264,
      16.51283140469859,
      7.160907903331815,
      11.408752122822202,
      4.010185282502548,
      6.883934485452342,
      4.535556415700286,
      29.79024378886484,
      21.104026393084332,
      17.642911806161703,
      5.787490820727068,
      15.898815584816374,
      5.68719333239165,
      9.281226750812628,
      3.925963066560872,
      21.25257172673463,
      15.848545201374165,
      20.461602332173307,
      8.026885884326505,
      19.320152820306575,
      7.799865896283095,
      12.235545472107074,
      26.290742477153433
    ],
    [
      6.8722270771562854,
      11.059508352544428,
      15.478121979103278,
      7.0372398708584605,
      17.745719145754563,
      22.27833252287972,
      18.471021736763777,
      7.959238280137113,
      18.02518443733656,
      17.83418296418426,
      15.310670951986394,
      4.044692571753752,
      17.229257558002903,
      21.94780209952696,
      38.55612103155607,
      10.849999308755738,
      20.835016534670668,
      14.26873704992842,
      15.414850145233329,
      0.0,
      3.1835137819711106,
      23.71278292398427,
      14.342799064338868,
      8.84074035361293,
      19.072581052390362,
      10.708208627030013,
      15.161721538136756,
      4.349324545259875,
      21.42539264517689,
      23.173424304577868,
      25.791034818323983,
      9.485441581708255,
      21.90003573056446,
      13.654187123369889,
      14.698476417642752,
      8.56922476073536,
      19.81976167868827,
      25.20126861886123,
      23.462599706767364,
      8.340794326681364,
      15.240334412341484,
      8.566203826666744,
      18.326843072389746,
      7.4466003652673605,
      19.215305488073827,
      19.76670584594206,
      31.262678708005815,
      7.6606799306589,
      20.51651832061181,
      11.989279377844191,
      19.098939159021374,
      6.805995151335329,
      15.644520478429499
    ],
    [
      8.547366202521104,
      12.979384615612561,
      18.426340385437364,
      10.061544463947868,
      20.908526968679553,
      22.122803167772393,
      21.50757122503608,
      6.950258844100701,
      21.201012475822946,
      18.528203636618425,
      18.1902882055233,
      6.397792275465026,
      20.103874352969882,
      21.078146336905437,
      39.697648104138366,
      9.534251150457493,
      23.801806360022347,
      14.891538704915623,
      18.53812032003245,
      3.1835137819711106,
      0.0,
      23.516658138434554,
      17.34657732810712,
      8.036671077006954,
      22.07616751159494,
      11.31052766231532,
      18.21253809879337,
      7.504930112932434,
      24.380113412369514,
      23.767325175543007,
      23.130663306528845,
      9.929662330613263,
      24.885124090508373,
      15.577878482001333,
      17.587703801235683,
      11.726361797249819,
      22.89940446823891,
      24.661834887128737,
      24.53300073370561,
      8.222298097247513,
      17.967674000827156,
      9.16358445151241,
      21.168274492740313,
      10.56916179268725,
      22.365332839016734,
      20.27166742031844,
      34.38442089086277,
      5.938641342933589,
      23.26902120846513,
      11.802908963471676,
      21.772980158903376,
      9.51929587732202,
      15.225030476159969
    ],
    [
      17.967606212292164,
      16.49577233717779,
      24.25550993073533,
      27.838469085062854,
      29.687540989445385,
      1.4474177005964772,
      26.990640044282017,
      16.633685580772532,
      30.542968094145667,
      7.966837515601785,
      23.343923770437566,
      27.38609471976609,
      24.005589890690047,
      5.276209340047076,
      20.204403604165105,
      14.61181771717674,
      27.08725434590963,
      10.252000048770972,
      27.162152731328202,
      23.71278292398427,
      23.516658138434554,
      0.0,
      24.57234219605449,
      15.51248709910825,
      26.737444043887216,
      13.29853232503497,
      25.626233004481954,
      23.91304953367512,
      27.22416926188933,
      5.855676562106214,
      41.518047220455834,
      14.312223866331886,
      28.00705205836559,
      15.75993223335684,
      23.251630587982426,
      25.035898805515252,
      28.592045484714802,
      2.9463078589991216,
      9.572465983225012,
      15.43739421016384,
      21.693063061725514,
      15.272096450716912,
      24.04973981148237,
      27.259730317814956,
      30.102060012563932,
      5.9982139008208115,
      37.733127752679074,
      18.093282648541145,
      23.934918967901268,
      11.771812859538672,
      22.404956259720745,
      28.95273196090483,
      38.73919783630012
    ],
    [
      10.958407639798764,
      8.811565127717092,
      1.3690014609196002,
      10.400609309074156,
      5.219871358568141,
      23.292727727769456,
      4.186358919156362,
      17.394660013923808,
      6.0198372901599315,
      16.607192206992725,
      1.8985283774544945,
      14.016947920285643,
      3.361814539798415,
      25.911617548891073,
      31.2862312527412,
      19.56439342274633,
      6.506872751176259,
      15.072886186792493,
      2.5899903474723653,
      14.342799064338868,
      17.34657732810712,
      24.57234219605449,
      0.0,
      17.308910682073552,
      4.731720722950585,
      13.983493304607402,
      1.1451432224835512,
      10.11510815562542,
      7.1099469055682825,
      20.68818099785479,
      39.994478343891416,
      14.24746507277698,
      7.558177822729503,
      8.821052374858683,
      1.5528992240322652,
      6.273602155062112,
      5.715207957721229,
      27.205028303605932,
      18.64508567961005,
      15.531417739536847,
      3.381600212916958,
      13.700956791406938,
      4.5289974608074175,
      9.25603046667414,
      6.045210997144774,
      18.66404953379625,
      17.278600203720213,
      18.63129088388671,
      6.991165639576855,
      16.961006013795288,
      6.240116825829469,
      12.34629632723919,
      26.575848622386452
    ],
    [
      6.392630522719111,
      9.496727699581577,
      17.9069100070336,
      14.77747356620881,
      22.113849280484843,
      14.137263455138692,
      21.295278960370535,
      1.1349854624619704,
      22.696574983904515,
      11.419751485912466,
      17.306746112426794,
      12.849744588901372,
      18.98675227625831,
      13.163541050948256,
      32.74267003468104,
      2.3769015545453263,
      22.930495415494192,
      7.950375399941813,
      19.376830726411377,
      8.84074035361293,
      8.036671077006954,
      15.51248709910825,
      17.308910682073552,
      0.0,
      21.577453834963936,
      4.993458320643114,
      18.416074771785656,
      10.81080616790441,
      23.393222437278705,
      16.3395403852128,
      28.182750912570622,
      3.7808782048619314,
      24.066106976409795,
      11.526265657184897,
      16.83038802285913,
      13.929390546610431,
      22.9443562777429,
      16.63458451540043,
      17.754802082816916,
      1.8260394300233518,
      16.363998197262184,
      3.834142668185418,
      19.775598827848427,
      14.67103203595439,
      23.25135877749944,
      12.833261549582785,
      34.354924566938,
      2.904520786635899,
      21.266039640704143,
      4.015517152248258,
      19.53443188321585,
      15.218006439741051,
      23.237349354003353
    ],
    [
      15.359498852501662,
      12.460136315466212,
      3.7371432940148246,
      14.704537700995566,
      4.60995184356626,
      25.588087540885113,
      0.8842307391173392,
      21.774514690343842,
      5.443068436093745,
      18.8932744118112,
      4.271424235544859,
      18.570108938829627,
      2.821077808214436,
      28.827658680510282,
      30.180022680574645,
      23.74239636178286,
      1.8842637819583608,
      18.14335947392323,
      4.475404004109573,
      19.072581052390362,
      22.07616751159494,
      26.737444043887216,
      4.731720722950585,
      21.577453834963936,
      0.0,
      17.761698117015726,
      3.988636358456355,
      14.824456145167682,
      2.5133980981929622,
      22.10549547058378,
      44.68185932791964,
      18.255364197955622,
      2.84384616320926,
      11.608502831976221,
      4.761021844100272,
      10.851389818820442,
      1.878941457310476,
      29.54235928290088,
      19.411228116736968,
      19.764131804863066,
      5.4665763508799525,
      17.83585254480424,
      2.739936678100423,
      13.584228539008016,
      3.9728575358298515,
      20.739930375967994,
      12.780509066543482,
      23.122823897612506,
      4.2001238076990095,
      20.713183820938777,
      4.813413861283904,
      16.60745645786855,
      30.7352246290799
    ],
    [
      4.7150827140146765,
      5.301688504618132,
      14.28792161232697,
      14.625057299033058,
      19.114229463936027,
      11.851206183338473,
      17.625256650613633,
      5.841641036558133,
      19.820996998133072,
      7.227773792807855,
      13.55187252744063,
      14.158112939230286,
      15.018005726460494,
      12.735088260393013,
      28.42985502952838,
      6.478614743909377,
      18.899073046051765,
      3.599203939762236,
      16.354592780011373,
      10.708208627030013,
      11.31052766231532,
      13.29853232503497,
      13.983493304607402,
      4.993458320643114,
      17.761698117015726,
      0.0,
      15.128262953822563,
      10.641246731469014,
      19.298697209915492,
      12.520549588576381,
      32.989366301885816,
      1.4161475911782635,
      20.019339374714647,
      6.806092123972467,
      13.174289240790188,
      12.338178025948567,
      19.32094234244283,
      15.194957584672617,
      13.27953466805219,
      3.514369644758498,
      12.33454437747905,
      2.1719272547670676,
      15.648898651342853,
      14.140043316765333,
      20.02731467271637,
      9.072242060262722,
      30.404996234171783,
      7.718615484657852,
      16.848000474833803,
      2.978947465129252,
      15.086795849351182,
      15.662204506390536,
      26.24049589851533
    ],
    [
      12.050872375060656,
      9.953586740466978,
      1.6481419841749059,
      10.781233927524253,
      4.101089123635326,
      24.358802023088085,
      3.314958219947876,
      18.4811030514956,
      4.924991167504771,
      17.65940049945071,
      2.508835785777938,
      14.585059273105479,
      3.3589742481894698,
      27.033035882046253,
      31.80942616583959,
      20.682050599493273,
      5.846673071072133,
      16.194571343508912,
      1.6159186241887313,
      15.161721538136756,
      18.21253809879337,
      25.626233004481954,
      1.1451432224835512,
      18.416074771785656,
      3.988636358456355,
      15.128262953822563,
      0.0,
      10.875380269213576,
      6.46940816458507,
      21.63949689803347,
      40.70435702722744,
      15.384312074317789,
      6.82940004685624,
      9.895327887442644,
      2.4077983719572584,
      6.862947544605016,
      4.716210025009489,
      28.27973132828528,
      19.488123280603496,
      16.645691634774447,
      4.171688027645409,
      14.828576195980517,
      4.441925370827386,
      9.649037516768185,
      4.901993982044454,
      19.697078057417553,
      16.282117307033506,
      19.68651022908835,
      6.882994987648912,
      18.10558024477537,
      6.418087020288838,
      12.705496841918459,
      26.897872202090632
    ],
    [
      5.945445399631551,
      8.856142557569854,
      11.314823021152382,
      4.056454732891769,
      13.403710680255672,
      22.46778609476243,
      14.190275120659216,
      10.282134895049762,
      13.703862886062458,
      17.0290587526146,
      11.24468963555686,
      4.5720448379253735,
      13.150909474253101,
      23.096938866438556,
      36.65893142196046,
      13.135159115899585,
      16.6219508482007,
      13.793893467763187,
      11.070276103151174,
      4.349324545259875,
      7.504930112932434,
      23.91304953367512,
      10.11510815562542,
      10.81080616790441,
      14.824456145167682,
      10.641246731469014,
      10.875380269213576,
      0.0,
      17.224000986994856,
      22.301193914228,
      29.88431356079641,
      9.829356540486257,
      17.664057206655553,
      11.218850654144568,
      10.625913278396357,
      4.222339280541058,
      15.49905884239427,
      25.823515562370662,
      21.906630069456135,
      9.618205757832381,
      11.406065447822048,
      8.87462224548177,
      14.28423386114915,
      3.862421131880881,
      14.866853500320776,
      19.140193206966327,
      26.916061673283483,
      10.693933654179833,
      16.576192204484116,
      12.826009979724793,
      15.283629052028184,
      5.058927356663665,
      17.823783128168948
    ],
    [
      17.326466950881816,
      14.043761070311609,
      5.954229589124018,
      17.21515265688922,
      6.637926935421927,
      26.161503206046856,
      3.3393235842008457,
      23.673444531795532,
      7.344743154120502,
      19.574420962061684,
      6.262653191739103,
      21.052226295572638,
      4.431235719299972,
      29.722741209383763,
      28.90771033824713,
      25.477790818671853,
      0.6291740617666877,
      19.269235610163673,
      6.967975674469595,
      21.42539264517689,
      24.380113412369514,
      27.22416926188933,
      7.1099469055682825,
      23.393222437278705,
      2.5133980981929622,
      19.298697209915492,
      6.46940816458507,
      17.224000986994856,
      0.0,
      22.251601740099517,
      47.10436265358019,
      19.92619602432938,
      0.7841256276898576,
      12.798827758822286,
      6.836177074944732,
      13.318298577521077,
      3.1646309421479146,
      30.0966471554557,
      19.266772044117815,
      21.56843962830876,
      7.032032494236638,
      19.593389548518648,
      3.650117943299909,
      16.092732800863867,
      5.548712373154696,
      21.268190567135697,
      11.125641105122892,
      25.108171359141227,
      3.3911098478226864,
      22.194511258417023,
      4.821277942620608,
      19.120249789163314,
      33.24546009607928
    ],
    [
      16.593471637966545,
      13.803574935501317,
      20.123654986110257,
      25.900322874435375,
      25.551066709630735,
      5.534860612517722,
      22.48221559366425,
      17.452387458453938,
      26.443811525572485,
      5.345618018526955,
      19.202077101188824,
      26.35966775207913,
      19.52107604616098,
      10.52499619952426,
      16.586618492025426,
      16.28806081152696,
      22.19452184661792,
      8.923779300274077,
      23.240009315832907,
      23.173424304577868,
      23.767325175543007,
      5.855676562106214,
      20.68818099785479,
      16.3395403852128,
