{
  "activeRoutes": [],
  "benchmarkFamily": "synthetic-food",
  "capacity": 4,
  "constraints": {
    "capacity": 4,
    "pickupDelivery": true,
    "timeWindows": true
  },
  "depotNodeId": "0",
  "distanceMatrix": [
    [
      0.0,
      3.677408326525629,
      18.692511976724795,
      7.85205922035742,
      26.04617348095493,
      12.861428264388056,
      22.204507042490267,
      8.26734600703273,
      4.944246757596145,
      8.085492811202045,
      32.612321919789764,
      8.722354957234884,
      22.817149186521966,
      12.216729881600884,
      24.673289221342177,
      12.742100337071593,
      23.768966763408123,
      11.45037859636091,
      16.845033273935677,
      9.399198742446083,
      26.13037374397848,
      14.87004673832601,
      25.395907150562664,
      10.876416919188046,
      20.14553300362142,
      6.439099704151192,
      14.421624041695166,
      12.067521120760468,
      18.117378397549686,
      17.013320075752414,
      21.475795584797318,
      10.944090003284877,
      31.402657801530115,
      5.32922555349274,
      23.96910213170281,
      10.436708772405215,
      16.785354479426402,
      17.206804816699698,
      17.119489157098116,
      9.14721099570793,
      26.690680470905946,
      6.9479258055911925,
      21.46522939546652,
      8.462494313144322,
      19.875866899332973
    ],
    [
      3.677408326525629,
      0.0,
      17.518764568313593,
      11.213167705871523,
      25.538125714311924,
      9.23876555606862,
      18.91671041698317,
      4.739668553812596,
      6.8235782401904075,
      5.209295729750802,
      30.456196430283278,
      12.389119419878075,
      23.480026086016174,
      8.847381363996915,
      28.328725792029548,
      10.627166179184364,
      21.839338016524216,
      8.373194014233755,
      19.982904343463197,
      12.346216788960096,
      28.752878186365972,
      11.207417632978613,
      29.072974116866682,
      7.411978750644118,
      17.41040998942873,
      4.257334024950353,
      17.202159980653594,
      15.529695747180627,
      20.629987203098313,
      13.686232498390488,
      18.921762497188258,
      9.00208920195751,
      27.842285268993276,
      1.681756522211223,
      21.028144687537225,
      13.40175578049384,
      13.176159417675542,
      14.100702110178764,
      18.8416983576322,
      6.925614557568162,
      29.766963231072133,
      6.494639712870916,
      20.9450143232226,
      11.955968634953845,
      16.39300585615707
    ],
    [
      18.692511976724795,
      17.518764568313593,
      0.0,
      25.403878168500174,
      42.607385803402664,
      16.031861557535972,
      14.872732936484805,
      18.837459966778958,
      15.087685707224948,
      13.102230726101563,
      44.42864419493352,
      23.04019062421142,
      40.9936380064029,
      13.4826045332495,
      37.81560795491723,
      26.526391103955316,
      36.94102663706031,
      12.003474580303813,
      22.767604397476696,
      27.592036260486466,
      44.245010249744546,
      19.599369836808528,
      37.33461332329558,
      20.273253734908952,
      9.380545826336544,
      13.285161384040464,
      18.990675290784154,
      28.67621401091852,
      36.497655869932245,
      13.32863894026693,
      32.60301090390272,
      25.3989305680377,
      24.858863952320906,
      16.84784558927342,
      12.735807198603473,
      28.540488748442968,
      21.82778754248812,
      11.485877937711157,
      14.255968048505162,
      23.322506833528852,
      43.82325359897414,
      11.748249444066118,
      38.0842611717754,
      20.825483667852712,
      16.034443083562333
    ],
    [
      7.85205922035742,
      11.213167705871523,
      25.403878168500174,
      0.0,
      24.918380545292266,
      20.401522908841876,
      30.03866989398831,
      15.089016535215274,
      10.320112886979478,
      15.937341559996757,
      34.801122754876744,
      4.930625315312447,
      19.43990136291849,
      20.00959072544963,
      17.65341567516043,
      16.4326079792588,
      25.875427745256697,
      19.301507609510715,
      15.07290350264341,
      2.6147001740161384,
      18.84140148715058,
      21.858915343630386,
      18.833250011615092,
      17.34537635798082,
      27.921327654680027,
      14.23742761175627,
      14.441687228298498,
      4.355194599555799,
      11.238280740397975,
      24.831103922298745,
      25.122870257994013,
      14.69463970296652,
      39.03220394750981,
      12.884869304731033,
      31.796189661656005,
      3.2955849253205436,
      23.4346267092096,
      25.058863701293397,
      19.600925003682857,
      13.785165251095108,
      18.90836455117153,
      13.974726795182795,
      20.741161129502853,
      7.001130480143896,
      27.605349717038546
    ],
    [
      26.04617348095493,
      25.538125714311924,
      42.607385803402664,
      24.918380545292266,
      0.0,
      28.316073209398226,
      37.68889963901837,
      23.86831072782487,
      30.988596822056977,
      29.50572427513007,
      14.92579311125543,
      29.80944757958456,
      8.221115496086886,
      30.253321305271587,
      37.48150994823981,
      16.347723083047374,
      10.401312417190441,
      31.173751923693754,
      39.98641850678803,
      22.67988540535423,
      23.97179828465107,
      26.08517166897699,
      39.73457186128975,
      23.03642932400766,
      39.37079614384245,
      29.525234833951785,
      38.97998764750958,
      26.63825544212683,
      20.301634737133853,
      33.59693118426145,
      15.188443139439933,
      17.240331348323902,
      41.37495157701094,
      25.860040409867885,
      41.52919072170803,
      22.722265225984838,
      25.222717101850865,
      35.154564497373585,
      42.98765636784587,
      19.288838482397008,
      28.97488755802169,
      32.01244914092016,
      4.601657527456818,
      31.53975759260048,
      34.10420727710879
    ],
    [
      12.861428264388056,
      9.23876555606862,
      16.031861557535972,
      20.401522908841876,
      28.316073209398226,
      0.0,
      10.46399397935606,
      5.899761774851593,
      14.198400085925172,
      6.064431135729056,
      28.411316512967154,
      21.438143599668322,
      28.817793704584673,
      2.5949643542831127,
      37.531178105676354,
      12.055446735811993,
      21.2499210822064,
      4.322772836964718,
      27.684734800969288,
      21.277236662687194,
      37.03170145969531,
      3.6863858994956082,
      38.18346371140261,
      5.379961524025985,
      11.056445405282833,
      8.01193821743528,
      24.338382629090205,
      24.7410881935294,
      28.922081477653023,
      5.508238647698555,
      16.644679660480104,
      11.642612292780347,
      18.63254969133318,
      7.557591415259227,
      13.59464968287157,
      22.320725100229158,
      6.073092457718719,
      6.858907274486218,
      23.807386458828272,
      10.104385186640505,
      38.59779419863265,
      11.03537774613991,
      24.111936006882566,
      20.62290534818021,
      7.409531699102183
    ],
    [
      22.204507042490267,
      18.91671041698317,
      14.872732936484805,
      30.03866989398831,
      37.68889963901837,
      10.46399397935606,
      0.0,
      16.34163642356542,
      21.830921762490924,
      14.16907212911276,
      34.67550443757091,
      30.098482769069932,
      39.04461458383217,
      10.071854347636286,
      46.32215236795457,
      21.96499893011606,
      29.235579693243633,
      10.794598695644034,
      34.09672114734788,
      31.257072959571882,
      47.38209413903104,
      11.654041230405868,
      46.601881818227035,
      15.6108444358401,
      5.523642367134209,
      16.051295773238994,
      30.357933411218884,
      34.26752989347204,
      39.25079302383583,
      5.234110908263211,
      24.043103647407914,
      21.867207069033753,
      10.449134413911997,
      17.305845313072684,
      4.306062006056121,
      32.31209248872625,
      12.574148798228839,
      5.230203915718773,
      27.610827224116267,
      20.5033394840938,
      48.674968608104926,
      17.769109600652474,
      33.790627931425,
      28.722515297236765,
      3.59216508529326
    ],
    [
      8.26734600703273,
      4.739668553812596,
      18.837459966778958,
      15.089016535215274,
      23.86831072782487,
      5.899761774851593,
      16.34163642356542,
      0.0,
      11.340067107385213,
      5.835798831351202,
      26.71433444800749,
      16.95705970974921,
      23.38147328548823,
      6.829680299984767,
      32.600749025137446,
      7.692915247160854,
      18.49640529940885,
      7.386519613458026,
      24.6960936182223,
      15.6576840241461,
      31.144011462879984,
      6.774763169292342,
      33.499541638655295,
      2.6810119358182622,
      16.213647646350278,
      6.5645734819560095,
      21.817104528328226,
      19.4394581200197,
      23.04569309003311,
      11.25268723461201,
      14.907367641538862,
      6.6335197293744415,
      24.239042163418922,
      3.4950658076780217,
      19.233505374736044,
      16.681585656046007,
      8.533855224926187,
      12.265712290772193,
      22.87896092483223,
      4.6815246448139085,
      32.83498698035375,
      9.805229064126962,
      19.422845028470977,
      16.673021321884047,
      13.29056300538093
    ],
    [
      4.944246757596145,
      6.8235782401904075,
      15.087685707224948,
      10.320112886979478,
      30.988596822056977,
      14.198400085925172,
      21.830921762490924,
      11.340067107385213,
      0.0,
      8.247300770555173,
      37.155613425160944,
      8.52265522005906,
      27.526401235904412,
      12.673381750740408,
      24.57009411866385,
      17.248370038934112,
      28.417982634240595,
      11.313310479254072,
      13.564143688416165,
      12.582405374172302,
      29.158844558726944,
      17.067847257343267,
      24.771423616740318,
      14.001095421430424,
      18.633055036681448,
      6.226727631750082,
      10.489851857867201,
      13.722523455982866,
      21.479361629247737,
      16.978513598074482,
      25.725175295807023,
      15.51773701285081,
      31.79278284453879,
      7.849487180701678,
      22.71457604711125,
      13.496141744958072,
      19.293276575014414,
      16.605669513753426,
      12.259475722884726,
      13.552082681270806,
      28.883506712309018,
      4.160174635757496,
      26.409224998094885,
      6.896391085198114,
      20.206094748862288
    ],
    [
      8.085492811202045,
      5.209295729750802,
      13.102230726101563,
      15.937341559996757,
      29.50572427513007,
      6.064431135729056,
      14.16907212911276,
      5.835798831351202,
      8.247300770555173,
      0.0,
      32.33936061520079,
      16.044650011764038,
      28.27622423521217,
      4.454090816317066,
      32.28044710037331,
      13.50620394485438,
      24.291379314481095,
      3.3774623610041954,
      21.641418160555006,
      17.36410104209256,
      33.91975710408316,
      9.328776339906543,
      32.72154583756702,
      7.7749518969573055,
      12.219041288088029,
      2.027020720170367,
      18.273973240650207,
      20.11654443486753,
      25.81018159564167,
      9.043969593049288,
      20.456253078215475,
      12.30455541659267,
      23.728231223586814,
      3.991117763233751,
      15.92418365254559,
      18.415967202403458,
      11.703928784814098,
      9.122063472701777,
      18.035648726896405,
      10.22059807447686,
      34.74399496315874,
      5.003189482719995,
      24.990295896607545,
      14.921598439845509,
      12.111925734580781
    ],
    [
      32.612321919789764,
      30.456196430283278,
      44.42864419493352,
      34.801122754876744,
      14.92579311125543,
      28.411316512967154,
      34.67550443757091,
      26.71433444800749,
      37.155613425160944,
      32.33936061520079,
      0.0,
      39.154863516554364,
      22.834608295304736,
      30.946050636551345,
      50.2133267569477,
      19.912339139337696,
      8.96690091391669,
      32.476477533747406,
      48.97595966390041,
      33.23356655551733,
      38.57796113067667,
      24.959873337018355,
      52.17285682229793,
      24.56942783216573,
      38.26179003915002,
      33.278669444555625,
      46.97932848604799,
      37.78183411376425,
      33.71880545037146,
      32.32256816838662,
      11.897555421177914,
      21.677535307317573,
      34.44344538515275,
      29.92053238162717,
      38.966926309371644,
      33.6622860928963,
      22.96580819392168,
      34.23141190485721,
      49.29785492290714,
      23.603571128115334,
      43.29044634789528,
      36.4776715265654,
      16.15484100819318,
      40.183141701464805,
      31.319676275466197
    ],
    [
      8.722354957234884,
      12.389119419878075,
      23.04019062421142,
      4.930625315312447,
      29.80944757958456,
      21.438143599668322,
      30.098482769069932,
      16.95705970974921,
      8.52265522005906,
      16.044650011764038,
      39.154863516554364,
      0.0,
      24.33162561359187,
      20.453602347752824,
      16.23899987683971,
      20.051205873961795,
      30.19027699442322,
      19.35966740416787,
      10.183722403914988,
      7.424605107344095,
      21.935653626003493,
      23.591944260700515,
      16.746985161514893,
      19.51228579638992,
      27.143310925530063,
      14.07907699389416,
      9.594698744619343,
      5.936534510975239,
      15.117924328425515,
      25.06957119697104,
      28.91059791841047,
      18.233223796136542,
      39.758099615046994,
      14.008143524393228,
      31.206651230146438,
      7.810159665461391,
      25.489387222920833,
      24.91278868372627,
      15.160122987627767,
      16.908378662663075,
      20.84604605194952,
      12.670829688698365,
      25.572389270461215,
      2.4873234610721564,
      28.147882566900126
    ],
    [
      22.817149186521966,
      23.480026086016174,
      40.9936380064029,
      19.43990136291849,
      8.221115496086886,
      28.817793704584673,
      39.04461458383217,
      23.38147328548823,
      27.526401235904412,
      28.27622423521217,
      22.834608295304736,
      24.33162561359187,
      0.0,
      30.201168884664046,
      29.732420015868204,
      17.15858228409329,
      16.482243779291704,
      30.677651360558883,
      34.25369908491636,
      16.90867570213587,
      15.790588621074264,
      27.54016748315086,
      32.09725111282896,
      23.480761997856884,
      39.589152819932885,
      27.73089843477849,
      33.88123511621146,
      20.12265750342136,
      12.505360330674206,
      34.324402179790404,
      19.973411851759327,
      17.19599619097422,
      44.55455570421503,
      24.312328765463832,
      42.412442914786226,
      16.644611530462345,
      27.389706862250282,
      35.56359831344405,
      38.73472204624682,
      18.7759016294824,
      20.754216077703347,
      29.539490855463303,
      7.39110817130963,
      26.418090033157203,
      35.59880315403876
    ],
    [
      12.216729881600884,
      8.847381363996915,
      13.4826045332495,
      20.00959072544963,
      30.253321305271587,
      2.5949643542831127,
      10.071854347636286,
      6.829680299984767,
      12.673381750740408,
      4.454090816317066,
      30.946050636551345,
      20.453602347752824,
      30.201168884664046,
      0.0,
      36.67458861391631,
      13.906807685446719,
      23.618080235277375,
      1.796039253468591,
      25.9304046439696,
      21.185219375781784,
      37.4025119076246,
      6.272144210714547,
      37.15825395521162,
      7.233408740006328,
      9.388004314016902,
      6.477707773587816,
      22.45618696484334,
      24.27811864622133,
      29.26452577780819,
      4.839204583400049,
      19.134794093483208,
      13.226155488273982,
      19.304562465904272,
      7.2355536070158415,
      12.499149571070832,
      22.24025253903381,
      8.637536917431953,
      5.488473102785511,
      21.499633717810173,
      11.442281241081256,
      38.60356331998381,
      9.106365356167082,
      25.934802756142176,
      19.375167225084795,
      7.700922022719103
    ],
    [
      24.673289221342177,
      28.328725792029548,
      37.81560795491723,
      17.65341567516043,
      37.48150994823981,
      37.531178105676354,
      46.32215236795457,
      32.600749025137446,
      24.57009411866385,
      32.28044710037331,
      50.2133267569477,
      16.23899987683971,
      29.732420015868204,
      36.67458861391631,
      0.0,
      33.70604981305285,
      41.6965292560424,
      35.598347559964076,
      16.3629724989074,
      17.978250471055297,
      17.658839174758914,
      39.3670093479299,
      2.6679642051571735,
      34.95749888078379,
      43.142562800556945,
      30.3179905666586,
      19.50033735605618,
      13.462556406567069,
      17.23722428350922,
      41.30856532246067,
      42.00089128816197,
      32.073750591410416,
      55.97541805114099,
      29.997909827186295,
      47.25347108943427,
      17.222710500963547,
      41.04555939440952,
      41.12128457380678,
      25.89372781196249,
      31.376830464532265,
      12.841610685579907,
      28.719056530464226,
      34.437702594685376,
      17.699947598792487,
      44.37413266758011
    ],
    [
      12.742100337071593,
      10.627166179184364,
      26.526391103955316,
      16.4326079792588,
      16.347723083047374,
      12.055446735811993,
      21.96499893011606,
      7.692915247160854,
      17.248370038934112,
      13.50620394485438,
      19.912339139337696,
      20.051205873961795,
      17.15858228409329,
      13.906807685446719,
      33.70604981305285,
      0.0,
      11.212425339773727,
      14.856279244817664,
      29.393387436632754,
      15.727849058278759,
      28.040918405073683,
      10.386801095621305,
      35.14242548544422,
      6.7088235928514335,
      23.09758985262315,
      13.941369014555207,
      27.158031684936226,
      20.294118581500403,
      20.490076158960466,
      17.469341515924405,
      8.873444934184242,
      1.8323364865657197,
      27.67292178285481,
      10.341512848708357,
      25.52579746060836,
      16.51662450381433,
      10.351192008652918,
      18.91429409203526,
      29.43586672751458,
      3.708587332125263,
      30.921012354061116,
      16.91457862318775,
      12.061131704777955,
      20.681555961774247,
      18.47325775276251
    ],
    [
      23.768966763408123,
      21.839338016524216,
      36.94102663706031,
      25.875427745256697,
      10.401312417190441,
      21.2499210822064,
      29.235579693243633,
      18.49640529940885,
      28.417982634240595,
      24.291379314481095,
      8.96690091391669,
      30.19027699442322,
      16.482243779291704,
      23.618080235277375,
      41.6965292560424,
      11.212425339773727,
      0.0,
      24.953843331238577,
      40.0185379168205,
      24.393788266687896,
      31.53599792300856,
      18.22178775532192,
      43.55084014114997,
      16.685302274756665,
      31.903779603677048,
      24.990144937554884,
      38.07888035381292,
      28.98442473122418,
      25.747540484481235,
      25.912144739484607,
      5.295365615328177,
      12.901186960896272,
      31.54126899793349,
      21.478159371789754,
      33.36017724773056,
      24.877253244681174,
      16.724481038286363,
      27.699688536155055,
      40.636720389322754,
      14.918774547529026,
      35.79509297375829,
      28.069078360359466,
      9.101481637623626,
      31.22420620288048,
      25.673570417844108
    ],
    [
      11.45037859636091,
      8.373194014233755,
      12.003474580303813,
      19.301507609510715,
      31.173751923693754,
      4.322772836964718,
      10.794598695644034,
      7.386519613458026,
      11.313310479254072,
      3.3774623610041954,
      32.476477533747406,
      19.35966740416787,
      30.677651360558883,
      1.796039253468591,
      35.598347559964076,
      14.856279244817664,
      24.953843331238577,
      0.0,
      24.374594314572708,
      20.667284412810506,
      37.12076930776085,
      8.007828669495876,
      35.98076366615917,
      8.343088696639875,
      9.133688083134865,
      5.280948494352131,
      20.844584956290205,
      23.492770036758117,
      28.99214876479493,
      5.712248769092608,
      20.61851929698154,
      13.988247638642953,
      20.490212029161633,
      6.908998552612385,
      12.6550774395102,
      21.721647543407016,
      10.394156290916545,
      5.763500498828811,
      19.7235168517179,
      12.067575439996228,
      38.07115950427568,
      7.543613789159676,
      26.77434662134634,
      18.126180182266754,
      8.892839422816543
    ],
    [
      16.845033273935677,
      19.982904343463197,
      22.767604397476696,
      15.07290350264341,
      39.98641850678803,
      27.684734800969288,
      34.09672114734788,
      24.6960936182223,
      13.564143688416165,
      21.641418160555006,
      48.97595966390041,
      10.183722403914988,
      34.25369908491636,
      25.9304046439696,
      16.3629724989074,
      29.393387436632754,
      40.0185379168205,
      24.374594314572708,
      0.0,
      17.430702252060875,
      29.00552723189151,
      30.631987072339925,
      15.204921374344556,
      27.377065748542158,
      29.823748288905605,
      19.673064453714375,
      3.825850232301318,
      14.422923559389755,
      23.7655874322517,
      29.757845654549666,
      38.233059647378475,
      27.563279050214618,
      44.44429777823023,
      21.269423428950773,
      33.93109902434639,
      17.610978961999812,
      32.84737586170317,
      28.960407904585875,
      9.603462136125701,
      25.92838801391248,
      26.207704401568634,
      16.835904638599022,
      35.75421000385828,
      8.794993575893054,
      33.102058198849214
    ],
    [
      9.399198742446083,
      12.346216788960096,
      27.592036260486466,
      2.6147001740161384,
      22.67988540535423,
      21.277236662687194,
      31.257072959571882,
      15.6576840241461,
      12.582405374172302,
      17.36410104209256,
      33.23356655551733,
      7.424605107344095,
      16.90867570213587,
      21.185219375781784,
      17.978250471055297,
      15.727849058278759,
      24.393788266687896,
      20.667284412810506,
      17.430702252060875,
      0.0,
      16.77191441070458,
      22.32648384766397,
      19.478677085469634,
      17.6593812462385,
      29.5233992792158,
      15.828494369332795,
      16.999657320075606,
      4.6410133591706,
      8.90699708094709,
      26.02377245904214,
      24.128501839111355,
      14.110321789385244,
      39.86138366890944,
      13.953602688911566,
      33.28822764882505,
      1.0555799353909645,
      23.68509345558932,
      26.422923551340794,
      22.215375981513343,
      13.569313910437774,
      17.42075305490552,
      15.98547972379935,
      18.64214199066191,
      9.596788264831103,
      28.618956654637156
    ],
    [
      26.13037374397848,
      28.752878186365972,
      44.245010249744546,
      18.84140148715058,
      23.97179828465107,
      37.03170145969531,
      47.38209413903104,
      31.144011462879984,
      29.158844558726944,
      33.91975710408316,
      38.57796113067667,
      21.935653626003493,
      15.790588621074264,
      37.4025119076246,
      17.658839174758914,
      28.040918405073683,
      31.53599792300856,
      37.12076930776085,
      29.00552723189151,
      16.77191441070458,
      0.0,
      37.219062562079664,
      20.323446262875787,
      32.503384023821276,
      46.13727434515394,
      32.51431261767654,
      30.439393555062825,
      15.999164540687744,
      8.138112311832517,
      42.17969411932714,
      33.92832946079132,
      27.11098098557114,
      55.09282643865715,
      30.237242284970367,
      49.77307658764928,
      15.770520917204989,
      37.97004499602286,
      42.80663130871197,
      36.73051424905456,
      27.649904104716168,
      5.522350948644973,
      32.74041833880563,
      22.634787761319963,
      24.41467415305803,
      44.434079589882366
    ],
    [
      14.87004673832601,
      11.207417632978613,
      19.599369836808528,
      21.858915343630386,
      26.08517166897699,
      3.6863858994956082,
      11.654041230405868,
      6.774763169292342,
      17.067847257343267,
      9.328776339906543,
      24.959873337018355,
      23.591944260700515,
      27.54016748315086,
      6.272144210714547,
      39.3670093479299,
      10.386801095621305,
      18.22178775532192,
      8.007828669495876,
      30.631987072339925,
      22.32648384766397,
      37.219062562079664,
      0.0,
      40.225921021152516,
      4.7462150183066925,
      13.682949755078397,
      11.105397831685279,
      27.437789743344855,
      26.2059187970962,
      29.236293369714296,
      7.700515437293794,
      13.356736203129863,
      10.534193087275362,
      17.874044673772083,
      9.632662819802219,
      15.451636191678865,
      23.33162566132073,
      2.411801194128564,
      9.48093297096863,
      27.311056973321264,
      9.58680828013161,
      39.287076373789894,
      14.322857291755724,
      22.137268688797175,
      23.08744559278917,
      8.111556509080122
    ],
    [
      25.395907150562664,
      29.072974116866682,
      37.33461332329558,
      18.833250011615092,
      39.73457186128975,
      38.18346371140261,
      46.601881818227035,
      33.499541638655295,
      24.771423616740318,
      32.72154583756702,
      52.17285682229793,
      16.746985161514893,
      32.09725111282896,
      37.15825395521162,
      2.6679642051571735,
      35.14242548544422,
      43.55084014114997,
      35.98076366615917,
      15.204921374344556,
      19.478677085469634,
      20.323446262875787,
      40.225921021152516,
      0.0,
      35.94317076998077,
      43.159325759330386,
      30.723542194870692,
      18.621113285730264,
      14.858629075389153,
      19.592774688644784,
      41.6880069084623,
      43.60369277939656,
      33.45771961745151,
      56.44890887342288,
      30.718028338420417,
      47.29289017389401,
      18.815584232226218,
      42.00806142873056,
      41.37704803390401,
      24.808364657913266,
      32.618315974311116,
      15.492130776623329,
      28.869239702493033,
      36.55064794227319,
      17.880506983863736,
      44.832250724227535
    ],
    [
      10.876416919188046,
      7.411978750644118,
      20.273253734908952,
      17.34537635798082,
      23.03642932400766,
      5.379961524025985,
      15.6108444358401,
      2.6810119358182622,
      14.001095421430424,
      7.7749518969573055,
      24.56942783216573,
      19.51228579638992,
      23.480761997856884,
      7.233408740006328,
      34.95749888078379,
      6.7088235928514335,
      16.685302274756665,
      8.343088696639875,
      27.377065748542158,
      17.6593812462385,
      32.503384023821276,
      4.7462150183066925,
      35.94317076998077,
      0.0,
      16.393855708770886,
      8.903329714213665,
      24.485492541503017,
      21.665222200568355,
      24.49962173177374,
      10.861311384911124,
      12.681757330906473,
      6.28562940364766,
      22.60181006025845,
      6.152067132273509,
      18.949415452725713,
      18.650655350415974,
      6.090186368248512,
      12.227142307178728,
      25.375783180032098,
      4.956773345635245,
      34.54297382970957,
      12.22103007115194,
      18.76835315098264,
      19.315203467734943,
      12.272742562280042
    ],
    [
      20.14553300362142,
      17.41040998942873,
      9.380545826336544,
      27.921327654680027,
      39.37079614384245,
      11.056445405282833,
      5.523642367134209,
      16.213647646350278,
      18.633055036681448,
      12.219041288088029,
      38.26179003915002,
      27.143310925530063,
      39.589152819932885,
      9.388004314016902,
      43.142562800556945,
      23.09758985262315,
      31.903779603677048,
      9.133688083134865,
      29.823748288905605,
      29.5233992792158,
      46.13727434515394,
      13.682949755078397,
      43.159325759330386,
      16.393855708770886,
      0.0,
      13.706902823030443,
      26.016321415603702,
      31.924360761023856,
      38.02913540957774,
      6.0007232897376594,
      26.963897937798233,
      22.56038514742157,
      15.569604651371208,
      16.02245564824568,
      4.141833531179164,
      30.569045290947503,
      15.359659013142178,
      4.235745034819727,
      22.630730103114217,
      20.824976470574942,
      46.82054749786679,
      14.474911709575291,
      35.15859947438179,
      25.44710297853176,
      7.430015141303546
    ],
    [
      6.439099704151192,
      4.257334024950353,
      13.285161384040464,
      14.23742761175627,
      29.525234833951785,
      8.01193821743528,
      16.051295773238994,
      6.5645734819560095,
      6.226727631750082,
      2.027020720170367,
      33.278669444555625,
      14.07907699389416,
      27.73089843477849,
      6.477707773587816,
      30.3179905666586,
      13.941369014555207,
      24.990144937554884,
      5.280948494352131,
      19.673064453714375,
      15.828494369332795,
      32.51431261767654,
      11.105397831685279,
      30.723542194870692,
      8.903329714213665,
      13.706902823030443,
      0.0,
      16.363044490558593,
      18.33429019624157,
      24.45034284013212,
      10.990714489968344,
      21.462627635031087,
      12.542653985500836,
      25.726602768340793,
      3.6753462421926977,
      17.559874543970984,
      16.87042456490055,
      13.433262075906953,
      10.921951885995469,
      16.514565328824126,
      10.413833972173748,
      33.119745545520125,
      3.3357086203683926,
      24.956238979461624,
      12.903519093642632,
      14.110638894111073
    ],
    [
      14.421624041695166,
      17.202159980653594,
      18.990675290784154,
      14.441687228298498,
      38.97998764750958,
      24.338382629090205,
      30.357933411218884,
      21.817104528328226,
      10.489851857867201,
      18.273973240650207,
      46.97932848604799,
      9.594698744619343,
      33.88123511621146,
      22.45618696484334,
      19.50033735605618,
      27.158031684936226,
      38.07888035381292,
      20.844584956290205,
      3.825850232301318,
      16.999657320075606,
      30.439393555062825,
      27.437789743344855,
      18.621113285730264,
      24.485492541503017,
      26.016321415603702,
      16.363044490558593,
      0.0,
      14.923645734203156,
      24.393851684389656,
      26.118978923380602,
      35.88491744451978,
      25.3500681261412,
      40.737100350908634,
      18.333767343347628,
      30.117339009281682,
      17.40262192889336,
      29.71563670864213,
      25.253287865147378,
      6.559767755035229,
      23.563562400452103,
      28.231664492197414,
      13.354714411023544,
      34.590637302599674,
      7.489676227982092,
      29.474260380881486
    ],
    [
      12.067521120760468,
      15.529695747180627,
      28.67621401091852,
      4.355194599555799,
      26.63825544212683,
      24.7410881935294,
      34.26752989347204,
      19.4394581200197,
      13.722523455982866,
      20.11654443486753,
      37.78183411376425,
      5.936534510975239,
      20.12265750342136,
      24.27811864622133,
      13.462556406567069,
      20.294118581500403,
      28.98442473122418,
      23.492770036758117,
      14.422923559389755,
      4.6410133591706,
      15.999164540687744,
      26.2059187970962,
      14.858629075389153,
      21.665222200568355,
      31.924360761023856,
      18.33429019624157,
      14.923645734203156,
      0.0,
      9.47567760110062,
      29.080840324859942,
      28.76306440558794,
      18.63158747933197,
      43.36675156153617,
      17.207363220435603,
      35.869164264030466,
      4.120746534306616,
      27.7497146111451,
      29.229185585643673,
      20.918904966560746,
      17.919726141880627,
      15.166385528529863,
      17.678802928931585,
      22.83609040532113,
      8.41682719318865,
      31.908531539386143
    ],
    [
      18.117378397549686,
      20.629987203098313,
      36.497655869932245,
      11.238280740397975,
      20.301634737133853,
      28.922081477653023,
      39.25079302383583,
      23.04569309003311,
      21.479361629247737,
      25.81018159564167,
      33.71880545037146,
      15.117924328425515,
      12.505360330674206,
      29.26452577780819,
      17.23722428350922,
      20.490076158960466,
      25.747540484481235,
      28.99214876479493,
      23.7655874322517,
      8.90699708094709,
      8.138112311832517,
      29.236293369714296,
      19.592774688644784,
      24.49962173177374,
      38.02913540957774,
      24.45034284013212,
      24.393851684389656,
      9.47567760110062,
      0.0,
      34.04457577941015,
      27.268410221353207,
      19.379207052921437,
      47.100943270809346,
      22.102606746716553,
      41.64145190792464,
      7.987217913641772,
      30.113223424269947,
      34.67033850426038,
      30.271654877128864,
      19.721010344300314,
      10.46490057286738,
      24.859820856152606,
      17.615085949265193,
      17.578488274024018,
      36.32940716554566
    ],
    [
      17.013320075752414,
      13.686232498390488,
      13.32863894026693,
      24.831103922298745,
      33.59693118426145,
      5.508238647698555,
      5.234110908263211,
      11.25268723461201,
      16.978513598074482,
      9.043969593049288,
      32.32256816838662,
      25.06957119697104,
      34.324402179790404,
      4.839204583400049,
      41.30856532246067,
      17.469341515924405,
      25.912144739484607,
      5.712248769092608,
      29.757845654549666,
      26.02377245904214,
      42.17969411932714,
      7.700515437293794,
      41.6880069084623,
      10.861311384911124,
      6.0007232897376594,
      10.990714489968344,
      26.118978923380602,
      29.080840324859942,
      34.04457577941015,
      0.0,
      20.96409521062142,
      17.1409617583145,
      14.82005131570063,
      12.07182774065303,
      8.08959659068362,
      27.07868183645578,
      9.37730158414455,
      1.9476858062839622,
      24.173792027731192,
      15.605510597221743,
      43.441043864069385,
      13.059250552769102,
      29.487938568167152,
      23.823559137962576,
      3.361509333617862
    ],
    [
      21.475795584797318,
      18.921762497188258,
      32.60301090390272,
      25.122870257994013,
      15.188443139439933,
      16.644679660480104,
      24.043103647407914,
      14.907367641538862,
      25.725175295807023,
      20.456253078215475,
      11.897555421177914,
      28.91059791841047,
      19.973411851759327,
      19.134794093483208,
      42.00089128816197,
      8.873444934184242,
      5.295365615328177,
      20.61851929698154,
      38.233059647378475,
      24.128501839111355,
      33.92832946079132,
      13.356736203129863,
      43.60369277939656,
      12.681757330906473,
      26.963897937798233,
      21.462627635031087,
      35.88491744451978,
      28.76306440558794,
      27.268410221353207,
      20.96409521062142,
      0.0,
      10.703743363889105,
      26.32544937888051,
      18.218741257287785,
      28.21397173387682,
      24.80185980929656,
      11.641387417314146,
      22.808293579310135,
      37.690666550221685,
      12.329451123225232,
      37.65515449443808,
      24.709045408513866,
      12.771644099331924,
      29.547044556097315,
      20.505244134123352
    ],
    [
      10.944090003284877,
      9.00208920195751,
      25.3989305680377,
      14.69463970296652,
      17.240331348323902,
      11.642612292780347,
      21.867207069033753,
      6.6335197293744415,
      15.51773701285081,
      12.30455541659267,
      21.677535307317573,
      18.233223796136542,
      17.19599619097422,
      13.226155488273982,
      32.073750591410416,
      1.8323364865657197,
      12.901186960896272,
      13.988247638642953,
      27.563279050214618,
      14.110321789385244,
      27.11098098557114,
      10.534193087275362,
      33.45771961745151,
      6.28562940364766,
      22.56038514742157,
      12.542653985500836,
      25.3500681261412,
      18.63158747933197,
      19.379207052921437,
      17.1409617583145,
      10.703743363889105,
      0.0,
      28.20273967188295,
      8.886023013699663,
      25.230481584781536,
      14.938835429845257,
      10.908773579096785,
      18.44898831914639,
      27.739489342812348,
      2.1297438813153065,
      29.74345484304068,
      15.393144090795749,
      12.791438269405043,
      18.84922088575546,
      18.46664000298918
    ],
    [
      31.402657801530115,
      27.842285268993276,
      24.858863952320906,
      39.03220394750981,
      41.37495157701094,
      18.63254969133318,
      10.449134413911997,
      24.239042163418922,
      31.79278284453879,
      23.728231223586814,
      34.44344538515275,
      39.758099615046994,
      44.55455570421503,
      19.304562465904272,
      55.97541805114099,
      27.67292178285481,
      31.54126899793349,
      20.490212029161633,
      44.44429777823023,
      39.86138366890944,
      55.09282643865715,
      17.874044673772083,
      56.44890887342288,
      22.60181006025845,
      15.569604651371208,
      25.726602768340793,
      40.737100350908634,
      43.36675156153617,
      47.100943270809346,
      14.82005131570063,
      26.32544937888051,
      28.20273967188295,
      0.0,
      26.162035394823548,
      12.286539301202755,
      40.896194749634105,
      17.332372947753,
      15.485355307515551,
      38.04037016118534,
      27.449949581010166,
      57.06180285444898,
      27.868611339641593,
      38.22367959786185,
      38.61438033945385,
      11.616664065040355
    ],
    [
      5.32922555349274,
      1.681756522211223,
      16.84784558927342,
      12.884869304731033,
      25.860040409867885,
      7.557591415259227,
      17.305845313072684,
      3.4950658076780217,
      7.849487180701678,
      3.991117763233751,
      29.92053238162717,
      14.008143524393228,
      24.312328765463832,
      7.2355536070158415,
      29.997909827186295,
      10.341512848708357,
      21.478159371789754,
      6.908998552612385,
      21.269423428950773,
      13.953602688911566,
      30.237242284970367,
      9.632662819802219,
      30.718028338420417,
      6.152067132273509,
      16.02245564824568,
      3.6753462421926977,
      18.333767343347628,
      17.207363220435603,
      22.102606746716553,
      12.07182774065303,
      18.218741257287785,
      8.886023013699663,
      26.162035394823548,
      0.0,
      19.54095616903124,
      15.008105310131588,
      11.681469085692944,
      12.571218119180015,
      19.479217284069705,
      6.756374471563878,
      31.369242531498912,
      6.591049233619789,
      21.298224949511635,
      13.460736421162105,
      14.727800243077718
    ],
    [
      23.96910213170281,
      21.028144687537225,
      12.735807198603473,
      31.796189661656005,
      41.52919072170803,
      13.59464968287157,
      4.306062006056121,
      19.233505374736044,
      22.71457604711125,
      15.92418365254559,
      38.966926309371644,
      31.206651230146438,
      42.412442914786226,
      12.499149571070832,
      47.25347108943427,
      25.52579746060836,
      33.36017724773056,
      12.6550774395102,
      33.93109902434639,
      33.28822764882505,
      49.77307658764928,
      15.451636191678865,
      47.29289017389401,
      18.949415452725713,
      4.141833531179164,
      17.559874543970984,
      30.117339009281682,
      35.869164264030466,
      41.64145190792464,
      8.08959659068362,
      28.21397173387682,
      25.230481584781536,
      12.286539301202755,
      19.54095616903124,
      0.0,
