{
  "activeRoutes": [],
  "benchmarkFamily": "synthetic-food",
  "capacity": 4,
  "constraints": {
    "capacity": 4,
    "pickupDelivery": true,
    "timeWindows": true
  },
  "depotNodeId": "0",
  "distanceMatrix": [
    [
      0.0,
      9.578389843809866,
      17.914275229548082,
      9.369391869273052,
      13.022439134048586,
      15.220599528270887,
      23.027345526569057,
      5.5580054875827525,
      19.065098635989273,
      4.553394448101331,
      12.440094895136454,
      8.819271852029509,
      24.541457047208915,
      15.159923614583288,
      21.236006451308118,
      11.859532916603419,
      23.60931970642102,
      8.453773831845751,
      15.623286114003031,
      5.524459521075343,
      17.197157119710223,
      14.971477048040386,
      10.935056012659466,
      11.045892494497672,
      21.04676397929145,
      6.571924908274594,
      29.89968645320549,
      5.143205712393778,
      16.340951043314465,
      15.125858025249343,
      12.036325062077715,
      9.400694282870814,
      8.67020011303084,
      8.99028853819498,
      30.32562805615079,
      7.178123501305893,
      22.551771549038005,
      17.79201857575469,
      18.718909049407767,
      10.695676556440926,
      17.133257016691253,
      6.722708159663038,
      38.63747306695923,
      3.5383185272103437,
      22.96112074790776,
      17.26903509174731,
      18.204097917776643,
      8.66571751212789,
      7.825415324441256,
      4.777108958355464,
      15.011332585750006,
      8.49415593216889,
      13.199549121087433,
      17.533269660847633,
      16.550850401112324,
      6.942974146574363,
      21.21119525156468
    ],
    [
      9.578389843809866,
      0.0,
      10.564771317922599,
      18.710401385325756,
      20.25794128237122,
      9.721637824975785,
      32.50477863330252,
      12.700676871726165,
      27.258546292860153,
      7.357291961041097,
      21.959312398160378,
      17.962822161342018,
      22.753452529231694,
      6.001624113521273,
      25.535697562432087,
      15.27086719868914,
      14.255722815767706,
      1.1527306710589411,
      10.16597093247861,
      14.976701005228087,
      24.629764858804478,
      8.008727551864903,
      11.076122877613809,
      14.009152044288758,
      15.281935806696744,
      4.613505066649431,
      39.45859858129784,
      14.687035541592454,
      25.142726681885563,
      6.572996652973434,
      13.702046015103004,
      7.588608106892856,
      13.883422992907763,
      0.5909246990945622,
      38.97362683918447,
      16.661009123099355,
      31.251299620975765,
      10.4773457039462,
      27.603025124069283,
      11.937586397593105,
      8.211402803419157,
      7.286405217938403,
      47.78271408155882,
      13.108301873240482,
      31.749869700520037,
      8.455500280882259,
      8.742366098488437,
      11.372698008827983,
      14.339507278843303,
      7.664588312492722,
      15.590514103133355,
      17.893652645561215,
      5.553180079918173,
      8.247959808340486,
      17.15632411095104,
      7.006974953573045,
      30.742102270339288
    ],
    [
      17.914275229548082,
      10.564771317922599,
      0.0,
      27.179881107171898,
      23.568119695894282,
      3.8563735555570817,
      40.40136543484638,
      18.060796937012494,
      36.8574888591179,
      17.439485829576512,
      28.8248448391314,
      26.72120620406197,
      32.019151846980584,
      5.8919932959907575,
      36.09865799444628,
      16.09088300871024,
      14.64769777132229,
      11.076963708525911,
      18.78283583487861,
      22.217925915800514,
      34.598478694879056,
      2.9428543966700063,
      21.574822849794156,
      14.996281205685623,
      22.592482046025847,
      15.042318770721486,
      45.9836281408938,
      22.804216627632705,
      34.254945132053564,
      4.395001251421897,
      24.247109848392245,
      9.474609860041731,
      17.06365157286095,
      10.873014899281616,
      42.65620803587679,
      24.885055314384974,
      35.445853368200915,
      0.13257450735341483,
      32.40843601595115,
      12.49196197560655,
      4.418808097213552,
      11.865257182210591,
      56.38744331852615,
      21.194202438402815,
      40.874184334369296,
      4.029234418596176,
      10.824722906384258,
      13.758462450433916,
      24.38327233986448,
      17.811966904303414,
      25.967278659882712,
      26.271002911955986,
      13.887568685698733,
      5.87548023569138,
      27.480444137604472,
      11.526099123294056,
      38.42379894024015
    ],
    [
      9.369391869273052,
      18.710401385325756,
      27.179881107171898,
      0.0,
      13.409421501317645,
      24.233632703331953,
      13.820677335065746,
      10.629059459801699,
      10.733713709616074,
      11.957661351618889,
      5.845085542573351,
      1.2141647334690626,
      26.852901109563565,
      24.477645066468302,
      17.82287748933937,
      17.23209752177604,
      32.19646466617103,
      17.638144233450408,
      22.147214836181995,
      5.659324076247972,
      10.239947509631092,
      24.244807052232858,
      15.227830114628935,
      17.03969263220437,
      26.999320324778544,
      14.835736752854578,
      21.531659341537058,
      4.39342747749408,
      7.36359592862075,
      24.49372337967423,
      14.470260018396356,
      18.17361353721378,
      13.746513230634156,
      18.138653753793307,
      24.936693545857278,
      2.3426534101313408,
      17.643285861766223,
      27.054609607236983,
      13.7993253458276,
      17.90824796008811,
      26.48980634130797,
      15.514963003500844,
      29.270518358922175,
      5.986928594863982,
      13.813433823637054,
      26.63285424058037,
      27.018164648991238,
      15.717399912199214,
      7.5700840814352945,
      11.84827827154646,
      17.239870823181942,
      0.9286145594378759,
      21.265248105771068,
      26.83529945799003,
      18.271334953965464,
      15.812908967043349,
      12.161896069281303
    ],
    [
      13.022439134048586,
      20.25794128237122,
      23.568119695894282,
      13.409421501317645,
      0.0,
      19.755705024118985,
      20.725683221549055,
      7.804566099406172,
      23.332474986593258,
      17.56143786823847,
      9.72505598955605,
      14.169131836495842,
      37.2857024742729,
      23.951020625434737,
      30.966130675303948,
      7.867416983991636,
      34.228740496839784,
      19.172583576555358,
      28.42552444546978,
      9.30584386286381,
      23.568904471782307,
      21.17638746339895,
      23.83458321431277,
      8.712727701472145,
      33.90337666073986,
      19.082519120912735,
      23.53328326009781,
      11.498455635432093,
      19.513697753116915,
      23.06792686827319,
      24.49126068621214,
      14.615522228097088,
      6.700811368782143,
      19.726683781112325,
      19.204177305992566,
      12.004583291393335,
      11.880170411235689,
      23.437777923685513,
      9.127843611719033,
      11.106111650798406,
      25.143373063294437,
      13.278696396860651,
      36.90004078588532,
      11.540195188990527,
      24.583904836294828,
      25.07752659254896,
      28.697292764300954,
      9.941802904906133,
      18.468526524874697,
      17.7991201187025,
      27.53175978756171,
      12.812895067079886,
      25.223249790619768,
      26.16543861661792,
      28.952742184463293,
      13.626775737495649,
      18.569337764174573
    ],
    [
      15.220599528270887,
      9.721637824975785,
      3.8563735555570817,
      24.233632703331953,
      19.755705024118985,
      0.0,
      37.130941706345126,
      14.599693318696799,
      34.28560012600042,
      15.602347932282495,
      25.41447620943623,
      23.88987036381738,
      32.29547095182233,
      7.291249138522145,
      34.709545949205385,
      12.234908295528824,
      17.526483874411312,
      9.833849805645803,
      19.268110156421667,
      19.021844626639133,
      32.2941433235192,
      2.5517298054457065,
      20.675853549491006,
      11.147824047768244,
      23.722936243222502,
      13.652492702799728,
      42.390953044252264,
      19.84077833654718,
      31.461729783977233,
      5.6434777398338305,
      23.18139514783353,
      6.1055853937194255,
      13.325309002045696,
      9.828245926918997,
      38.810745638289404,
      21.903059078585343,
      31.635859558418833,
      3.7308289963491976,
      28.657884534626767,
      8.658519330693903,
      6.941583825035895,
      8.720335142642169,
      53.26120074688516,
      18.271452268497978,
      38.02884715581055,
      6.667802711538487,
      12.941989066600227,
      10.039825197681484,
      22.287508721254603,
      16.007299584876893,
      25.26238223129402,
      23.310438970555655,
      14.286799396645835,
      8.402540389667873,
      26.845738004383485,
      8.421268313027436,
      35.11002640272434
    ],
    [
      23.027345526569057,
      32.50477863330252,
      40.40136543484638,
      13.820677335065746,
      20.725683221549055,
      37.130941706345126,
      0.0,
      22.59616757328552,
      10.916313297079743,
      25.736530554835866,
      11.887474121948697,
      14.692170227709724,
      37.01196633522732,
      38.18676841525085,
      23.66896001095105,
      27.621325909521435,
      45.96160733699377,
      31.416403899873707,
      35.31289675175346,
      18.186287279156236,
      14.328737732263786,
      37.51572732868177,
      27.951379643946016,
      27.944786651538426,
      39.69447004306771,
      28.639334018094768,
      9.419697022728492,
      17.88694129805317,
      9.315764327203645,
      38.08627029521268,
      26.41406566585311,
      31.038497466855574,
      24.74055852239395,
      31.927950294373737,
      19.098151559771434,
      15.858868465309875,
      15.341516548242549,
      40.271744002464054,
      13.798990760196922,
      29.595534342194263,
      40.12998013954156,
      28.53852184329104,
      16.356477646486116,
      19.506766005670958,
      7.153141966996042,
      40.24581062669753,
      40.831602968778974,
      27.586844437158806,
      20.21868969542784,
      25.59868137228947,
      28.56579976125296,
      14.613282348603276,
      34.969940305925604,
      40.56051465403269,
      29.075720197443093,
      28.87546474084876,
      2.1593355459492645
    ],
    [
      5.5580054875827525,
      12.700676871726165,
      18.060796937012494,
      10.629059459801699,
      7.804566099406172,
      14.599693318696799,
      22.59616757328552,
      0.0,
      21.33728251207262,
      9.948702025892624,
      10.81591281399772,
      10.722815348591991,
      30.099095617642735,
      17.095962008614784,
      25.89704626014326,
      6.9672377596864035,
      26.890998047673868,
      11.576369076701036,
      20.636767673257356,
      4.972269703063181,
      20.333302978119416,
      15.290789711457027,
      16.48522444493856,
      6.525459370802948,
      26.11995974346055,
      11.28339399294379,
      27.961048353021386,
      6.665226927869747,
      17.96520781956057,
      16.5148103834104,
      17.546837948758746,
      8.587003318969895,
      3.451910340666453,
      12.142199347729386,
      26.282433867509305,
      8.368620435890254,
      18.58613507429665,
      17.928711108163906,
      15.039002127800902,
      7.307798574126139,
      18.63375069598174,
      6.3960376796888845,
      38.84273092870789,
      5.667960920825053,
      24.228308504722328,
      18.649815655925394,
      21.34577297733675,
      5.143852738949664,
      12.526841740837954,
      10.231449994990935,
      20.54420037382813,
      9.726193294398378,
      17.462976664933155,
      19.433597145150458,
      22.065297369398856,
      6.7620651431348975,
      20.544688681019238
    ],
    [
      19.065098635989273,
      27.258546292860153,
      36.8574888591179,
      10.733713709616074,
      23.332474986593258,
      34.28560012600042,
      10.916313297079743,
      21.33728251207262,
      0.0,
      19.906703619635277,
      13.840618663918171,
      10.65899441786138,
      26.612744991826755,
      33.25743384568329,
      12.75751966488784,
      27.951083860916736,
      39.08570921705272,
      26.352168980939688,
      27.225869774903426,
      16.38198379317963,
      3.750475303211579,
      33.92439123993237,
      19.735752329212076,
      27.773239368139976,
      30.82781497284554,
      22.77191834255516,
      20.319183940306267,
      14.821876568100278,
      3.8513256159405667,
      33.6176666203947,
      17.574862417669163,
      28.385990083137845,
      24.47834479698331,
      26.75339548543325,
      28.868095971158198,
      12.97045569746877,
      23.27741776915988,
      36.739915527937725,
      20.27633719388194,
      28.571891519463673,
      35.437424426727176,
      25.689939061819512,
      21.467970490943014,
      16.22753240637652,
      5.386656848175874,
      35.65031855397648,
      34.535124105756445,
      26.3735178161731,
      13.044072408569342,
      19.621115156891566,
      19.0893952759117,
      11.617962687149587,
      28.15221698197142,
      35.485758396855495,
      19.254403262630607,
      25.94649957123311,
      11.00146035760708
    ],
    [
      4.553394448101331,
      7.357291961041097,
      17.439485829576512,
      11.957661351618889,
      17.56143786823847,
      15.602347932282495,
      25.736530554835866,
      9.948702025892624,
      19.906703619635277,
      0.0,
      16.21279352856873,
      11.045052150171138,
      20.321071551470904,
      13.358915711988002,
      19.183694873511726,
      15.553740707624003,
      20.239273109477022,
      6.506209418701486,
      11.148435764716048,
      9.675962484425003,
      17.298436287711098,
      14.607377108844695,
      6.712076951287131,
      14.549820754909662,
      16.528928852167034,
      2.940142173433115,
      33.334627656537585,
      8.556050607610969,
      17.911116659773064,
      13.820363598690154,
      8.392761762375963,
      10.806359701583137,
      12.73175294293759,
      6.868150624440322,
      34.66481827444073,
      10.225618807681032,
      26.906598614466308,
      17.334342618051593,
      23.02514471181452,
      13.554217646179362,
      15.559549125858368,
      8.59106151764728,
      40.61162456735756,
      7.266864867327588,
      24.478303801530046,
      15.789982900560718,
      15.11977486604876,
      11.876341397922172,
      7.007816493031197,
      0.42201540256251663,
      11.150882341770089,
      11.250476434356013,
      9.3447894572323,
      15.580055776536872,
      12.75983777326342,
      8.624003536641203,
      24.119386082568525
    ],
    [
      12.440094895136454,
      21.959312398160378,
      28.8248448391314,
      5.845085542573351,
      9.72505598955605,
      25.41447620943623,
      11.887474121948697,
      10.81591281399772,
      13.840618663918171,
      16.21279352856873,
      0.0,
      7.033928987415213,
      32.6640968189846,
      27.22606253206659,
      23.24317304070165,
      15.83932334413311,
      36.04779063964947,
      20.81593632292336,
      27.08445772024982,
      6.987532325506624,
      14.699721085789347,
      25.99994415378618,
      20.60406185682813,
      16.08991143543059,
      32.185625689117806,
      18.823064840774475,
      17.518788799457568,
      7.6582844031806525,
      9.989295971188364,
      26.902321163795513,
      20.138065051042023,
      19.37189324769265,
      12.85849248551322,
      21.368425421635543,
      19.191269369168886,
      6.275031952109888,
      11.803084046129637,
      28.693427958332197,
      7.95652719469996,
      17.709367295304485,
      28.99962801485564,
      16.998567704368508,
      28.231756091323824,
      9.029489077461697,
      14.87979089234792,
      29.06780174006972,
      30.63826107989812,
      15.718503013964147,
      13.23785972126915,
      16.22231071703412,
      22.986327610125112,
      5.900423883078236,
      25.472293104469415,
      29.610242889919025,
      24.071907485697935,
      17.351529759649438,
      9.785610098506886
    ],
    [
      8.819271852029509,
      17.962822161342018,
      26.72120620406197,
      1.2141647334690626,
      14.169131836495842,
      23.88987036381738,
      14.692170227709724,
      10.722815348591991,
      10.65899441786138,
      11.045052150171138,
      7.033928987415213,
      0.0,
      25.645852101265813,
      23.80137222934846,
      16.8845660293654,
      17.496068043992054,
      31.272091727289364,
      16.915110877555605,
      21.03784544576749,
      5.836456544856646,
      9.745047614044786,
      23.779554264115216,
      14.054046890486736,
      17.216573323399754,
      25.842774812314563,
      13.955535281743947,
      22.612675781516877,
      4.1667600122877255,
      7.572176503489605,
      23.888900707232217,
      13.259114487777836,
      17.88131608691038,
      13.971506790607801,
      17.39982494164812,
      26.148579789349935,
      2.398079439885177,
      18.836720839891427,
      26.597858879992575,
      14.979867556156831,
      17.91737550535792,
      25.853775971799553,
      15.197659852753645,
      29.87443269754256,
      5.638149519124162,
      14.159102867060474,
      26.011776044707133,
      26.15193157302152,
      15.71832382921283,
      6.363663488903231,
      10.907964888098972,
      16.025799512036834,
      1.3700908728985806,
      20.299675391493334,
      26.142670961475993,
      17.061633245384222,
      15.478597933921534,
      13.118484058762277
    ],
    [
      24.541457047208915,
      22.753452529231694,
      32.019151846980584,
      26.852901109563565,
      37.2857024742729,
      32.29547095182233,
      37.01196633522732,
      30.099095617642735,
      26.612744991826755,
      20.321071551470904,
      32.6640968189846,
      25.645852101265813,
      0.0,
      26.143359577529438,
      15.087803286098346,
      35.823447754229356,
      23.488659497723578,
      23.000388040204886,
      13.24019384299188,
      28.240952267938844,
      22.897970412243968,
      30.18078874052168,
      13.633545833714726,
      34.761374268000395,
      10.9169455435117,
      20.18981339685932,
      46.31170331568469,
      26.24696586274307,
      27.745076842567947,
      27.640763176873392,
      12.844396015383516,
      29.772199532449733,
      33.04506135567008,
      22.807258362196894,
      51.77758631879242,
      26.700389454088494,
      44.45733570514545,
      31.9789829888319,
      40.56280594337626,
      33.43842109011728,
      28.01150452938935,
      28.268091994331705,
      46.74857624569972,
      25.821433345188257,
      31.876613684643484,
      28.410987751220475,
      22.613699940522782,
      32.02260554670716,
      19.51176867944062,
      19.98060789866014,
      9.822824441065821,
      26.77678511322821,
      18.157034366878314,
      26.92958865263263,
      8.596638470937346,
      28.176500350469365,
      36.39087053094499
    ],
    [
      15.159923614583288,
      6.001624113521273,
      5.8919932959907575,
      24.477645066468302,
      23.951020625434737,
      7.291249138522145,
      38.18676841525085,
      17.095962008614784,
      33.25743384568329,
      13.358915711988002,
      27.22606253206659,
      23.80137222934846,
      26.143359577529438,
      0.0,
      31.048772890405832,
      17.49793384945777,
      10.727792177330802,
      6.932027120547065,
      12.90332488159544,
      20.27385915409299,
      30.619593547269698,
      4.748792372803846,
      16.316154019866325,
      16.240640412249753,
      16.77616910978189,
      10.572380290171175,
      44.72902898565986,
      20.30012504887593,
      31.085187292342315,
      1.6750131342768608,
      19.06971654220377,
      9.457042085134232,
      17.258549475549792,
      6.505985244373061,
      43.101979130893746,
      22.335465900670172,
      35.53600523412838,
      5.861533331816852,
      32.11005038924729,
      13.74761670254157,
      2.2610165855207676,
      10.785649957234845,
      53.66927147819318,
      18.683138119705692,
      37.705886145269154,
      2.5699075858870835,
      5.700707412242798,
      14.138597384464983,
      20.334063465033253,
      13.66377553972547,
      20.497389345963064,
      23.627497561104516,
      8.060110234978177,
      2.385846809835033,
      21.951555138531756,
      10.421932738220873,
      36.353394449487105
    ],
    [
      21.236006451308118,
      25.535697562432087,
      36.09865799444628,
      17.82287748933937,
      30.966130675303948,
      34.709545949205385,
      23.66896001095105,
      25.89704626014326,
      12.75751966488784,
      19.183694873511726,
      23.24317304070165,
      16.8845660293654,
      15.087803286098346,
      31.048772890405832,
      0.0,
      32.80687807457454,
      33.357850485305555,
      25.072658295442068,
      20.763264603621465,
      21.92371266460131,
      9.529134745610433,
      33.44497488412871,
      14.766698344586038,
      32.15174541140807,
      22.383080842457765,
      21.124249122749905,
      33.07667032819356,
      19.727195061640163,
      15.146327904809137,
      32.00524502327704,
      11.990250581201376,
      29.903111159208837,
      29.34477261796383,
      25.233346864813637,
      40.88605704882778,
      18.96162664435728,
      34.473301930624515,
      36.009360463635005,
      30.939891693410953,
      31.92490909932243,
      33.2955861639347,
      27.475038289327276,
      31.704128011979762,
      20.286856138889533,
      17.556062542609034,
      33.61863234874375,
      30.14680389361366,
      29.895687615440455,
      13.456969829794518,
      18.766902035232132,
      11.270444534267492,
      18.25450445780438,
      23.806027661077774,
      32.80119889577209,
      10.377913133188198,
      27.581850916861978,
      23.591999194642238
    ],
    [
      11.859532916603419,
      15.27086719868914,
      16.09088300871024,
      17.23209752177604,
      7.867416983991636,
      12.234908295528824,
      27.621325909521435,
      6.9672377596864035,
      27.951083860916736,
      15.553740707624003,
      15.83932334413311,
      17.496068043992054,
      35.823447754229356,
      17.49793384945777,
      32.80687807457454,
      0.0,
      28.170488565163364,
      14.394007815754446,
      24.8822484916456,
      11.65964750753641,
      27.202946678622887,
      13.992041881012222,
      22.262440499639744,
      1.2798726499148285,
      30.27922140676672,
      15.855497027844947,
      31.308226091556193,
      13.570192776817875,
      24.39851737298806,
      16.331105290212292,
      23.76421890153346,
      8.133581007157916,
      3.5443014826619956,
      14.862834621968984,
      26.61058390941469,
      15.10142278065216,
      19.61758010051189,
      15.964638548993205,
      16.99241680868263,
      3.7658287268541573,
      18.28492299682993,
      8.073551139368597,
      43.96907504144248,
      12.634674708911188,
      30.333932765139444,
      18.1492559076123,
      22.804297007362447,
      3.9597657759013973,
      19.376432127716395,
      15.921764255257646,
      26.652737138988183,
      16.37703666723623,
      20.76201531643785,
      19.489333698205282,
      28.238185671179373,
      8.305354718493364,
      25.475800379968437
    ],
    [
      23.60931970642102,
      14.255722815767706,
      14.64769777132229,
      32.19646466617103,
      34.228740496839784,
      17.526483874411312,
      45.96160733699377,
      26.890998047673868,
      39.08570921705272,
      20.239273109477022,
      36.04779063964947,
      31.272091727289364,
      23.488659497723578,
      10.727792177330802,
      33.357850485305555,
      28.170488565163364,
      0.0,
      15.405636143957182,
      12.604410815266217,
      29.11108658226278,
      35.83819105367903,
      15.044273395548215,
      19.580314629749953,
      26.902308079419498,
      12.571785274971893,
      17.380676741715202,
      53.44999323666936,
      28.548376241040398,
      37.76238705378673,
      12.115970699865526,
      22.151621746499735,
      20.058722840699502,
      27.62106741239375,
      14.83689364388651,
      53.168674555606515,
      30.38444286143815,
      45.47417246085958,
      14.70435534119058,
      41.85408588178698,
      24.44098983265612,
      10.59009655291206,
      20.954368947787472,
      60.39224117384616,
      27.052907366861692,
      44.11012497148472,
      10.888314837475992,
      5.546614823475667,
      24.656890902950433,
      26.24402751103572,
      20.364145575005104,
      22.099885090199,
      31.47536693987855,
      11.04066275184601,
      9.12567904322741,
      23.037588849530234,
      20.611232398864455,
      44.35835958418661
    ],
    [
      8.453773831845751,
      1.1527306710589411,
      11.076963708525911,
      17.638144233450408,
      19.172583576555358,
      9.833849805645803,
      31.416403899873707,
      11.576369076701036,
      26.352168980939688,
      6.506209418701486,
      20.81593632292336,
      16.915110877555605,
      23.000388040204886,
      6.932027120547065,
      25.072658295442068,
      14.394007815754446,
      15.405636143957182,
      0.0,
      10.729525478789817,
      13.831467637239369,
      23.80429862440815,
      8.372405687733968,
      10.84203237405238,
      13.14552870751116,
      15.980513446069244,
      3.966468076261291,
      38.31958822847657,
      13.575606100649795,
      24.155077333761533,
      7.314402299573083,
      13.372134496780983,
      6.961472329902637,
      12.859109222648359,
      0.5694804649854096,
      37.84019884990035,
      15.563530222928213,
      30.112845697476022,
      10.980377088242461,
      26.45681764687507,
      11.175308899533832,
      9.085743778029403,
      6.345139320771455,
      46.762292597775826,
      11.988648047215328,
      30.774103561273726,
      9.300393808866376,
      9.894925012348498,
      10.462417693822019,
      13.51394261494402,
      6.843952805214249,
      15.440123898466615,
      16.811406514625713,
      6.3683804063513625,
      9.238362030143659,
      17.033120236762255,
      6.091530677916679,
      29.639466931778646
    ],
    [
      15.623286114003031,
      10.16597093247861,
      18.78283583487861,
      22.147214836181995,
      28.42552444546978,
      19.268110156421667,
      35.31289675175346,
      20.636767673257356,
      27.225869774903426,
      11.148435764716048,
      27.08445772024982,
      21.03784544576749,
      13.24019384299188,
      12.90332488159544,
      20.763264603621465,
      24.8822484916456,
      12.604410815266217,
      10.729525478789817,
      0.0,
      20.802330494442202,
      23.765459179237418,
      17.041086643756024,
      7.5091534143337375,
      23.675751308036663,
      5.487333869922625,
      9.361888698334324,
      43.64554008143329,
      19.483011317555608,
      26.47358305934427,
      14.413066641072604,
      9.775926043091774,
      17.685486535574867,
      22.815005172035352,
      10.382927573666302,
      45.79445173817457,
      20.86959558784022,
      38.04518236255413,
      18.744499619888494,
      34.151553478575465,
      21.861299595403743,
      14.79518046527314,
      16.836099370103515,
      48.69099721714477,
      18.346609196252036,
      32.458712066254265,
      15.191545675144443,
      9.88113940798327,
      20.92324126420187,
      15.094207100739009,
      11.03137856299021,
      9.497454448429854,
      21.626775996435526,
      4.9860286802223674,
      13.775527648696437,
      10.502196722590943,
      16.642204331157576,
      33.987827541636136
    ],
    [
      5.524459521075343,
      14.976701005228087,
      22.217925915800514,
      5.659324076247972,
      9.30584386286381,
      19.021844626639133,
      18.186287279156236,
      4.972269703063181,
      16.38198379317963,
      9.675962484425003,
      6.987532325506624,
      5.836456544856646,
      28.240952267938844,
      20.27385915409299,
      21.92371266460131,
      11.65964750753641,
      29.11108658226278,
      13.831467637239369,
      20.802330494442202,
      0.0,
      15.558072888375344,
      19.329491664293712,
      15.114141755323056,
      11.401176167396066,
      26.114979322220417,
      12.049863484703886,
      24.503719166689777,
      2.215512581774249,
      12.994705460301903,
      20.0170192586209,
      15.396743811598611,
      12.916299779735683,
      8.137265449768735,
      14.385779679947834,
      24.993233084177003,
      3.444000290360032,
      17.244155560653006,
      22.088620056490626,
      13.351245372623485,
      12.267637506871486,
      22.09778027314056,
      10.36242828684474,
      34.239416642226836,
      2.511000796495297,
      19.307027036807096,
      22.183988505226015,
      23.673857522592296,
      10.085470588921469,
      9.163459717814012,
      9.771422056179953,
      18.426972757346768,
      4.76405310633708,
      18.701279635361853,
      22.659617384236658,
      19.783927062138094,
      10.694779146854788,
      16.23409821948851
    ],
    [
      17.197157119710223,
      24.629764858804478,
      34.598478694879056,
      10.239947509631092,
      23.568904471782307,
      32.2941433235192,
      14.328737732263786,
      20.333302978119416,
      3.750475303211579,
      17.298436287711098,
      14.699721085789347,
      9.745047614044786,
      22.897970412243968,
      30.619593547269698,
      9.529134745610433,
      27.202946678622887,
      35.83819105367903,
      23.80429862440815,
      23.765459179237418,
      15.558072888375344,
      0.0,
      31.697709191675038,
      16.331801645868712,
      26.85815425527227,
      27.18513213136916,
      20.05128250262312,
      23.743201405876167,
      13.66811472003363,
      5.642476229458123,
      31.117489423152374,
      14.03182696586585,
      26.59656428939648,
      23.6647657288214,
      24.159507962704872,
      31.434538011556647,
      12.139578328755904,
      25.285850687686974,
      34.48646343132331,
      21.94897594422118,
      27.335665530584762,
      32.84115839917953,
      23.919017036659344,
      25.027816604730024,
      14.840869145707067,
      9.124615334357939,
      33.08088611267842,
      31.478060581935473,
      25.14799612295182,
      10.292778147808296,
      16.97082723381509,
      15.393422393996728,
      10.977653392232785,
      25.02206266477646,
      32.772978442613365,
      15.514895874610314,
      24.138678609236255,
      14.094762466959137
    ],
    [
      14.971477048040386,
      8.008727551864903,
      2.9428543966700063,
      24.244807052232858,
      21.17638746339895,
      2.5517298054457065,
      37.51572732868177,
      15.290789711457027,
      33.92439123993237,
      14.607377108844695,
      25.99994415378618,
      23.779554264115216,
      30.18078874052168,
      4.748792372803846,
      33.44497488412871,
      13.992041881012222,
      15.044273395548215,
      8.372405687733968,
      17.041086643756024,
      19.329491664293712,
      31.697709191675038,
      0.0,
      19.08483756808006,
      12.815515050125764,
      21.321875363110067,
      12.327256061265214,
      43.249070799266896,
      19.87342547222295,
      31.312095841703098,
      3.0928621049118887,
      21.695624812390175,
      6.751299726719296,
      14.556776600607709,
      8.238895132237088,
      40.3549031965138,
      21.9547608048915,
      33.01728039981489,
      2.821290484866804,
      29.862806984608802,
      10.26609185620312,
      4.510186359786034,
      9.005709300216173,
      53.46606718284037,
      18.26064328001618,
      37.931657240357964,
      4.286016565530283,
      10.390381417445653,
      11.255777405403864,
      21.510672002520057,
      14.989406425872911,
      23.579768891997226,
      23.337665907283874,
      12.058509526471335,
      5.924689021374875,
      25.13030509166174,
      8.657965407646305,
      35.55238513799039
    ],
    [
      10.935056012659466,
      11.076122877613809,
      21.574822849794156,
      15.227830114628935,
      23.83458321431277,
      20.675853549491006,
      27.951379643946016,
      16.48522444493856,
      19.735752329212076,
      6.712076951287131,
      20.60406185682813,
      14.054046890486736,
      13.633545833714726,
      16.316154019866325,
      14.766698344586038,
      22.262440499639744,
      19.580314629749953,
      10.84203237405238,
      7.5091534143337375,
      15.114141755323056,
      16.331801645868712,
      19.08483756808006,
      0.0,
      21.24299566916116,
      11.822593285738963,
      7.199954513745209,
      36.50896465253431,
      13.361602635911602,
      18.998084034975737,
      17.356247203816842,
      2.783967851825881,
      16.889944967346693,
      19.414990600049226,
      10.877126918446802,
      39.708460622391286,
      14.335965715639805,
      32.084921723451345,
      21.49540455539276,
      28.147705590331867,
      20.116957647716017,
      18.551566241156028,
      15.012565170549633,
      41.19339632756687,
      12.6127988963592,
      24.951075487842203,
      18.883183762279067,
      15.641303941807408,
      18.542702769553305,
      7.813399324237814,
      6.357520271300747,
      4.660566918305113,
      14.84458288400182,
      9.165789054958665,
      18.034531127811448,
      6.283907462717765,
      14.979058715420003,
      26.721878264822628
    ],
    [
      11.045892494497672,
      14.009152044288758,
      14.996281205685623,
      17.03969263220437,
      8.712727701472145,
      11.147824047768244,
      27.944786651538426,
      6.525459370802948,
      27.773239368139976,
      14.549820754909662,
      16.08991143543059,
      17.216573323399754,
      34.761374268000395,
      16.240640412249753,
      32.15174541140807,
      1.2798726499148285,
      26.902308079419498,
      13.14552870751116,
      23.675751308036663,
      11.401176167396066,
      26.85815425527227,
      12.815515050125764,
      21.24299566916116,
      0.0,
      29.057187079963537,
      14.717578605191818,
      31.97322694067648,
      13.190412048150732,
      24.29753781764729,
      15.095118217490047,
      22.829705955180415,
      6.857467316728528,
      3.3296469782846394,
      13.608097038160768,
      27.663083161498832,
      14.839087438249024,
      20.55767917348649,
      14.86842083074056,
      17.788539147439852,
      2.551066443666255,
      17.06629206945668,
      6.846096259913379,
      44.301206326690476,
      12.134790191840978,
      30.366013847721277,
      16.939470711920134,
      21.528421493458357,
      2.7705986717675284,
      18.697169839309908,
      14.928186259556115,
      25.683584193021034,
      16.15969158121528,
      19.51150496501999,
      18.25278373289948,
      27.27967815059408,
      7.064891011190475,
      25.81285580868572
    ],
    [
      21.04676397929145,
      15.281935806696744,
      22.592482046025847,
      26.999320324778544,
      33.90337666073986,
      23.722936243222502,
      39.69447004306771,
      26.11995974346055,
      30.82781497284554,
      16.528928852167034,
      32.185625689117806,
      25.842774812314563,
      10.9169455435117,
      16.77616910978189,
      22.383080842457765,
      30.27922140676672,
      12.571785274971893,
      15.980513446069244,
      5.487333869922625,
      26.114979322220417,
      27.18513213136916,
      21.321875363110067,
      11.822593285738963,
      29.057187079963537,
      0.0,
      14.848965788902603,
      48.330544420687005,
      24.674846645926696,
      30.59308792848476,
      18.417595635695772,
      13.3578122834542,
      22.86962669131265,
      28.288267886175003,
      15.57815117400008,
      51.074249529484035,
      25.921555836793434,
      43.34983942300132,
      22.57900868063078,
      39.4370752718809,
      27.15575859739514,
      18.28250163407623,
      22.211174327351536,
      52.20279591171339,
      23.630486241294314,
      36.182040296257476,
      18.68898619508292,
      12.265830791267263,
      26.32020869978048,
      19.635376670693123,
      16.37760031262211,
      11.868641876811347,
      26.56038857019979,
      9.766549902601227,
      17.002769921398105,
      12.185959666764035,
      21.999052525052072,
      38.52238541419781
    ],
    [
      6.571924908274594,
      4.613505066649431,
      15.042318770721486,
      14.835736752854578,
      19.082519120912735,
      13.652492702799728,
      28.639334018094768,
      11.28339399294379,
      22.77191834255516,
      2.940142173433115,
      18.823064840774475,
      13.955535281743947,
      20.18981339685932,
      10.572380290171175,
      21.124249122749905,
      15.855497027844947,
      17.380676741715202,
      3.966468076261291,
      9.361888698334324,
      12.049863484703886,
      20.05128250262312,
      12.327256061265214,
      7.199954513745209,
      14.717578605191818,
      14.848965788902603,
      0.0,
      36.1023530673556,
      11.219310584879985,
      20.845491982680578,
      11.179815114750328,
      9.554028783712143,
      9.727493510663473,
      13.520031545821185,
      4.202421325854892,
      36.886708310718106,
      13.008311343137512,
      29.11168268925725,
      14.94629833771559,
      25.28933381882568,
      13.253667416983118,
      12.806081563069942,
      8.08105253045666,
      43.549301463972995,
      9.795127615299354,
      27.401669675404825,
      13.060859542924419,
      12.196547872246468,
      11.94949174651374,
      9.777509703395856,
      3.1672639612132154,
      11.860070193721455,
      14.098566168231436,
      6.657862870321074,
      12.732641909674518,
      13.48142692744355,
      7.9871825445522395,
      26.992913088438605
    ],
    [
      29.89968645320549,
      39.45859858129784,
      45.9836281408938,
      21.531659341537058,
      23.53328326009781,
      42.390953044252264,
      9.419697022728492,
      27.961048353021386,
      20.319183940306267,
      33.334627656537585,
      17.518788799457568,
      22.612675781516877,
      46.31170331568469,
      44.72902898565986,
      33.07667032819356,
      31.308226091556193,
      53.44999323666936,
      38.31958822847657,
      43.64554008143329,
      24.503719166689777,
      23.743201405876167,
      43.249070799266896,
      36.50896465253431,
      31.97322694067648,
      48.330544420687005,
      36.1023530673556,
      0.0,
      24.901794413254642,
      18.568068854891724,
      44.3507055299011,
      35.249384689665156,
      36.51937366658963,
      29.176081299585107,
      38.86813525241467,
      12.996823342648002,
      23.110379854082886,
      13.510264616209408,
      45.85113439163746,
      14.551677085477124,
      34.08794063888284,
      46.45891460204381,
      34.32027396452423,
      16.367914497577264,
      26.40879679197824,
      16.023748500272962,
      46.510245892706266,
      48.097026737626926,
      32.386327516407285,
      28.695571522449246,
      33.2741223776075,
      37.59373160514928,
      22.134723513068785,
      42.679051032093014,
      47.11075721106592,
      38.21803957557216,
      34.68192526374509,
      9.955297785601392
    ],
    [
      5.143205712393778,
      14.687035541592454,
      22.804216627632705,
      4.39342747749408,
      11.498455635432093,
      19.84077833654718,
      17.88694129805317,
      6.665226927869747,
      14.821876568100278,
      8.556050607610969,
      7.6582844031806525,
      4.1667600122877255,
      26.24696586274307,
      20.30012504887593,
      19.727195061640163,
      13.570192776817875,
      28.548376241040398,
      13.575606100649795,
      19.483011317555608,
      2.215512581774249,
      13.66811472003363,
