{
  "activeRoutes": [],
  "benchmarkFamily": "synthetic-food",
  "capacity": 4,
  "constraints": {
    "capacity": 4,
    "pickupDelivery": true,
    "timeWindows": true
  },
  "depotNodeId": "0",
  "distanceMatrix": [
    [
      0.0,
      0.9572982816238628,
      1.791706449170734,
      0.9370832406995657,
      1.3020971545933124,
      1.5223156702865537,
      2.3027168736082166,
      0.5558866790992572,
      1.906012591773727,
      0.4555436312802538,
      1.2439151900350762,
      0.8816081896171339,
      2.454237967272123,
      1.516149069188119,
      2.123872406713737,
      1.1860004215850852,
      2.3612803730179945,
      0.8459225732890685,
      1.5622707831870892,
      0.5521965229879664,
      1.7195929750961416,
      1.4968720720221886,
      1.0938052843170947,
      1.1052063155809415,
      2.104266142863112,
      0.6575963807686293,
      2.990627526122235,
      0.5138423882865251,
      1.6342974025556056,
      1.5125147933160852,
      1.2035680288209718,
      0.9399537222650916,
      0.8672000922509173,
      0.8992997275658432,
      3.032654447839384,
      0.71805292284065,
      2.254772050562983,
      1.7789797637972162,
      1.8722908427912581,
      1.0695980553460256,
      1.7130300639510097,
      0.6724879181070835,
      3.863657593524561,
      0.35341760001448735,
      2.295747808449352,
      1.7265517658037361,
      1.8203727640238963,
      0.8669071461235052,
      0.7824167687364577,
      0.47794246515663347,
      1.5008667495817205,
      0.8493415096414402,
      1.3200984811747951,
      1.7535281577436956,
      1.6553117531148023,
      0.694279482629294,
      2.1210054219638383
    ],
    [
      0.9572982816238628,
      0.0,
      1.0573097937690727,
      1.870600171068099,
      2.025044443956725,
      0.9730616629998322,
      3.2498961521870204,
      1.2698480224026814,
      2.72483393989432,
      0.7345338657951723,
      2.1953143282910537,
      1.7954623360015107,
      2.275479729639445,
      0.6008327554319917,
      2.5534247590246326,
      1.5269672557065526,
      1.4264168394967858,
      0.11428473213863742,
      1.0163513172127054,
      1.4969465588323452,
      2.462409389195875,
      0.8012752336120215,
      1.1073292193381337,
      1.4012797722082477,
      1.527713323892935,
      0.46056595618868823,
      3.945992524067931,
      1.467692747137493,
      2.513793149803699,
      0.6577788382123579,
      1.369789764890949,
      0.7584253424035879,
      1.3879740631582418,
      0.05830951894845335,
      3.8970641513837054,
      1.6658271218827005,
      3.124311284107267,
      1.047969942317049,
      2.7602327800386695,
      1.1933230912037194,
      0.8214840229730578,
      0.7283323417232,
      4.777649003432546,
      1.3098778569011698,
      3.1740110270759936,
      0.8457334095328144,
      0.874700520178192,
      1.1369802109095835,
      1.433419687321198,
      0.765661152207686,
      1.5587421210707053,
      1.7887026024468133,
      0.5553017197884412,
      0.8255767680839856,
      1.7155888202013914,
      0.700128559623159,
      3.0735497393079556
    ],
    [
      1.791706449170734,
      1.0573097937690727,
      0.0,
      2.718407070326297,
      2.356313434159386,
      0.38599611397007605,
      4.0403575336843645,
      1.8064711456317255,
      3.68556535690252,
      1.7436937804557309,
      2.882599694720028,
      2.6720638091183377,
      3.2027238407330723,
      0.5896778781673938,
      3.6105581286000645,
      1.6092001118568193,
      1.4654559017589035,
      1.107583405437261,
      1.8784083688058892,
      2.2219543199624963,
      3.460111558895175,
      0.2948389390836967,
      2.15796061131801,
      1.4998803285595814,
      2.259066178756169,
      1.5044151687616025,
      4.599214824293381,
      2.2801758704099995,
      3.4259743139725956,
      0.43989203220790446,
      2.4251094820646757,
      0.9475193929413787,
      1.7062356226500484,
      1.087444711238231,
      4.2658894734861565,
      2.488926676300449,
      3.544371453445589,
      0.013601470508735546,
      3.2412968083777827,
      1.2488346567900814,
      0.4420000000000002,
      1.1865260216278448,
      5.638872405011484,
      2.1192574171157217,
      4.087332871200974,
      0.4033869110419923,
      1.0829168943183034,
      1.375582785585804,
      2.438643065313167,
      1.7813581896968396,
      2.5972225549613572,
      2.6273151695219212,
      1.3888038018381144,
      0.5878307579567439,
      2.748747532968425,
      1.1526890300510364,
      3.8424497394240564
    ],
    [
      0.9370832406995657,
      1.870600171068099,
      2.718407070326297,
      0.0,
      1.3414290886960816,
      2.4236996513594664,
      1.3819298100844337,
      1.0629604884472426,
      1.0726644396082126,
      1.1964301066088234,
      0.5845083404024273,
      0.12127654348636469,
      2.6851087501254027,
      2.448046772428991,
      1.782304407221169,
      1.723404189387968,
      3.2200496890576082,
      1.7644999291584003,
      2.2148058605665653,
      0.565991166008799,
      1.0235355391973453,
      2.4243351665972264,
      1.5230840423299044,
      1.7046131525950396,
      2.699677943755514,
      1.4840680577385932,
      2.1537242163285435,
      0.4400102271538698,
      0.7365140867627719,
      2.4494440185478825,
      1.446893568995315,
      1.8175087345044594,
      1.375158536314995,
      1.814267069645481,
      2.493705676297826,
      0.2343608329051589,
      1.7639648522575495,
      2.7054008945071337,
      1.3803796579202399,
      1.7912188587662867,
      2.6488293640776486,
      1.5518907822395231,
      2.9268114049251617,
      0.599273727106403,
      1.3808450311312999,
      2.6630726614195117,
      2.7018663919594545,
      1.5723717753762942,
      0.756770110403417,
      1.1852231857333873,
      1.7234778791733882,
      0.09303762679690374,
      2.126848607682268,
      2.683865868481508,
      1.8271650171782516,
      1.581533749244701,
      1.2160135690032408
    ],
    [
      1.3020971545933124,
      2.025044443956725,
      2.356313434159386,
      1.3414290886960816,
      0.0,
      1.9747546683069266,
      2.0732317767196218,
      0.7800262816085107,
      2.333196305500247,
      1.7561437868238465,
      0.9730046248605397,
      1.4168203838172295,
      3.728570369457978,
      2.3948246282348107,
      3.0970303518047744,
      0.7860394392140891,
      3.422842093933052,
      1.917265761442581,
      2.842231693581648,
      0.9310263154175616,
      2.356946541608443,
      2.11662490772456,
      2.3836788793795196,
      0.8705917527750884,
      3.3896726980639293,
      1.9083631729835915,
      2.3546736504237695,
      1.1498543386011988,
      1.9523588297236756,
      2.3061951348487404,
      2.449029399578535,
      1.4612877882196926,
      0.669746967145056,
      1.9724890367249193,
      1.9211329990398895,
      1.2003803563870916,
      1.1883114069973408,
      2.3430411861510243,
      0.9137176806869834,
      1.1104327985069602,
      2.5134416643319972,
      1.327548492522966,
      3.6903708485733517,
      1.1540732212472486,
      2.4587852691929,
      2.5069702830308938,
      2.869305490881025,
      0.993960260775047,
      1.84672710490749,
      1.77999157301376,
      2.7528196453818037,
      1.2817394431006641,
      2.522045400067176,
      2.616191124516708,
      2.8954619665953136,
      1.3625288987760962,
      1.8573413794992024
    ],
    [
      1.5223156702865537,
      0.9730616629998322,
      0.38599611397007605,
      2.4236996513594664,
      1.9747546683069266,
      0.0,
      3.713154184786837,
      1.4601797834513388,
      3.4283163506304373,
      1.5601272384007654,
      2.5413811205720402,
      2.388834862438172,
      3.230545619550976,
      0.7299842464053587,
      3.4717351569496198,
      1.2232489525848775,
      1.753706931046348,
      0.983595445292423,
      1.9272252073901484,
      1.902256029034998,
      3.229635428341719,
      0.2554544969265564,
      2.068280686947494,
      1.11468829723829,
      2.372414171260996,
      1.3656771214309773,
      4.239707537083189,
      1.9837482199109844,
      3.146621839369961,
      0.564963715649067,
      2.318666211424145,
      0.6106275460540567,
      1.3321249941353095,
      0.9832461543275922,
      3.88100708579616,
      2.190591929136963,
      3.1630649692979746,
      0.37329077138338135,
      2.865950453165581,
      0.8651803280241642,
      0.6944242219277782,
      0.8719661690685026,
      5.326077825191817,
      1.8269189910885486,
      3.8027291515436645,
      0.667308024828115,
      1.2949478753988513,
      1.0034545331005287,
      2.229070882677354,
      1.6010377884359883,
      2.5268304256518674,
      2.3311868222002285,
      1.4290601806781966,
      0.840923302091219,
      2.6854489382596722,
      0.8422309659469898,
      3.5108894884345188
    ],
    [
      2.3027168736082166,
      3.2498961521870204,
      4.0403575336843645,
      1.3819298100844337,
      2.0732317767196218,
      3.713154184786837,
      0.0,
      2.2594311230927135,
      1.091450869256148,
      2.574207645082269,
      1.1888313589403672,
      1.4693706135621467,
      3.7008151804703786,
      3.81881722526753,
      2.36676002163295,
      2.76213033725782,
      4.596425785324941,
      3.142175361115289,
      3.5313205745159983,
      1.8186984356951539,
      1.4324262633727431,
      3.751220734640925,
      2.795330570791226,
      2.7947522251534216,
      3.969195510427774,
      2.8642932810730115,
      0.9424659145030126,
      1.789160976547387,
      0.9318588948977201,
      3.8085401402637205,
      2.6412286913480245,
      3.103907859457172,
      2.474396290006918,
      3.193049482861172,
      1.9097104492566404,
      1.58560556255331,
      1.5339706646477957,
      4.026963620396886,
      1.3800181158231217,
      2.9598859775335935,
      4.012677535013248,
      2.854069550659198,
      1.6354097345925271,
      1.9510830325744721,
      0.7154725711024847,
      4.024222906350989,
      4.0830743319219645,
      2.7591500502872255,
      2.0216471007572014,
      2.5601390587231774,
      2.855983543369954,
      1.4614109620500315,
      3.4972167505031773,
      4.056234953747132,
      2.907461091743103,
      2.8876850590048773,
      0.2161781672602485
    ],
    [
      0.5558866790992572,
      1.2698480224026814,
      1.8064711456317255,
      1.0629604884472426,
      0.7800262816085107,
      1.4601797834513388,
      2.2594311230927135,
      0.0,
      2.133086496136526,
      0.9950688418395988,
      1.081310778638593,
      1.0717635000316075,
      3.0100913607397373,
      1.7100064327364384,
      2.589926639887702,
      0.6968019804793892,
      2.689693848749333,
      1.1582594700670485,
      2.063737386393919,
      0.49720518903165156,
      2.0330297587590795,
      1.52889240955667,
      1.6489147946452545,
      0.6531500593278695,
      2.6117032756421623,
      1.1288529576521475,
      2.796577372432238,
      0.6660270264786561,
      1.79675095658803,
      1.6516140590343737,
      1.7546788880020188,
      0.8590232825715498,
      0.34548806057518044,
      1.214634924576105,
      2.6281782664043165,
      0.8366946874457859,
      1.858037943638396,
      1.7928862205951606,
      1.5040668203241503,
      0.7311648240991898,
      1.8632364315888632,
      0.6400078124523165,
      3.8839181247806964,
      0.5665139009768436,
      2.4223922060640803,
      1.8648927583107828,
      2.1347751638053127,
      0.5150009708728709,
      1.2525022954070784,
      1.0234534674326923,
      2.0542095803495806,
      0.9725415158233612,
      1.7465331373896122,
      1.9437481832788936,
      2.206812407070434,
      0.6766520523873407,
      2.054110513093198
    ],
    [
      1.906012591773727,
      2.72483393989432,
      3.68556535690252,
      1.0726644396082126,
      2.333196305500247,
      3.4283163506304373,
      1.091450869256148,
      2.133086496136526,
      0.0,
      1.9908520788848176,
      1.3835826682927197,
      1.0657790577788624,
      2.6608149127663876,
      3.3253992241533945,
      1.2757687878295187,
      2.794594246040022,
      3.9084218042580816,
      2.635307382450859,
      2.7223963708468317,
      1.637535037793085,
      0.3745984516785936,
      3.391714905471862,
      1.9734137934047182,
      2.777262141030263,
      3.0824152867516075,
      2.277070266812159,
      2.0322325162244606,
      1.4821396695318565,
      0.3840885314611728,
      3.361239206007213,
      1.7570759801442846,
      2.8380177941654985,
      2.4476355937925076,
      2.675155322593438,
      2.886403471450241,
      1.2965631492526692,
      2.3270103136857823,
      3.6732809584892903,
      2.0274824290237388,
      2.856860514620901,
      3.54304558254618,
      2.5687140751745803,
      2.1471921199557342,
      1.6226213359869268,
      0.538399479940314,
      3.5642032770312073,
      3.45302143057352,
      2.6372751088955435,
      1.3039095060624413,
      1.961920742537781,
      1.9081732101672524,
      1.1612170339777141,
      2.8151547026762134,
      3.548338343506718,
      1.9251402546308145,
      2.594166532819356,
      1.1000890873015698
    ],
    [
      0.4555436312802538,
      0.7345338657951723,
      1.7436937804557309,
      1.1964301066088234,
      1.7561437868238465,
      1.5601272384007654,
      2.574207645082269,
      0.9950688418395988,
      1.9908520788848176,
      0.0,
      1.6216550188002379,
      1.1049022581205998,
      2.0323080475164197,
      1.3353666163267672,
      1.9191628383230022,
      1.555304793280082,
      2.023661285887537,
      0.6505328585090836,
      1.1144729696138893,
      0.9676698817262007,
      1.7304450294649643,
      1.4600116437891855,
      0.6715906491308529,
      1.4554562858430338,
      1.6522082193234602,
      0.2937635103276099,
      3.3346311640119963,
      0.8557207488427518,
      1.7917901662862201,
      1.3813605611859632,
      0.8395236744726144,
      1.0799634253066166,
      1.2732650941575359,
      0.6864546598283092,
      3.466923852639397,
      1.0234451621850584,
      2.6906038355729742,
      1.7326121897297153,
      2.303286564889397,
      1.355064574107079,
      1.5551025689645037,
      0.8589202524099657,
      4.061754546990746,
      0.7267957071970087,
      2.4480445257388603,
      1.5780028517084494,
      1.5113136669798233,
      1.1876598839735222,
      0.7014157112583096,
      0.042579337712088175,
      1.1151183793660653,
      1.1254639043523347,
      0.9341627267237761,
      1.5575843476357865,
      1.2764642572355878,
      0.8618538159107954,
      2.4124294808346214
    ],
    [
      1.2439151900350762,
      2.1953143282910537,
      2.882599694720028,
      0.5845083404024273,
      0.9730046248605397,
      2.5413811205720402,
      1.1888313589403672,
      1.081310778638593,
      1.3835826682927197,
      1.6216550188002379,
      0.0,
      0.7031372554487497,
      3.2662144755052447,
      2.7226929683678986,
      2.3243917483935452,
      1.5838547913240022,
      3.605031206522351,
      2.0820283379435542,
      2.708358358858739,
      0.6988504847247372,
      1.4695934812049216,
      2.599533227331399,
      2.060616655275794,
      1.6092060154001413,
      3.218149312881551,
      1.8826215764194354,
      1.7526397233886948,
      0.7660841990277569,
      0.9994943721702491,
      2.6900650549754364,
      2.013612922088056,
      1.937199008878541,
      1.2861076937799572,
      2.137013102439945,
      1.919221196214756,
      0.6269968101992227,
      1.1799533889099179,
      2.869060473395428,
      0.7960917032603714,
      1.771187454788453,
      2.8995422052455107,
      1.699982646970256,
      2.823038256913994,
      0.9032170281831492,
      1.4878471023596482,
      2.9063643955980467,
      3.0636971129666195,
      1.5722293089749977,
      1.323470060107141,
      1.6224426029909342,
      2.2980900765635797,
      0.5901677727561883,
      2.547317216210027,
      2.961124448583679,
      2.4072012794945086,
      1.7352466683443022,
      0.9784564374564666
    ],
    [
      0.8816081896171339,
      1.7954623360015107,
      2.6720638091183377,
      0.12127654348636469,
      1.4168203838172295,
      2.388834862438172,
      1.4693706135621467,
      1.0717635000316075,
      1.0657790577788624,
      1.1049022581205998,
      0.7031372554487497,
      0.0,
      2.564610886664876,
      2.3800052520950454,
      1.688966843961124,
      1.7492083923878254,
      3.127333049101103,
      1.6918108641334586,
      2.1037654336926446,
      0.5830420224992365,
      0.9746655836747286,
      2.3773415825244806,
      1.4056887991301634,
      1.7217345904639312,
      2.583986261573385,
      1.3957370812585013,
      2.261954022521236,
      0.4167601228524633,
      0.7578238581623037,
      2.38852674257585,
      1.3258781995341802,
      1.7877208954420158,
      1.3970515380614992,
      1.740004885050614,
      2.6147191053725063,
      0.23953496613229547,
      1.8830634614903452,
      2.659234852358851,
      1.498165544924859,
      1.7915214204692056,
      2.584811985425633,
      1.5196318633142698,
      2.987653427022619,
      0.5638483838763749,
      1.4158944169675929,
      2.600530715065677,
      2.6149298269743304,
      1.5718718141120798,
      0.6362020119427473,
      1.0909234620265527,
      1.602219710276964,
      0.13648443134658278,
      2.0300583735449584,
      2.6142050416904943,
      1.7063879980824992,
      1.547554522464395,
      1.3119256838708508
    ],
    [
      2.454237967272123,
      2.275479729639445,
      3.2027238407330723,
      2.6851087501254027,
      3.728570369457978,
      3.230545619550976,
      3.7008151804703786,
      3.0100913607397373,
      2.6608149127663876,
      2.0323080475164197,
      3.2662144755052447,
      2.564610886664876,
      0.0,
      2.614686214443332,
      1.508525770412955,
      3.582575191116022,
      2.3493694898844666,
      2.300472342802669,
      1.3247135539428891,
      2.823736708689392,
      2.289769420705937,
      3.018617233105251,
      1.3631823062231994,
      3.476950531715975,
      1.09268293662892,
      2.0190356609034916,
      4.631369667819661,
      2.624610066276513,
      2.7738096546086215,
      2.764496518355558,
      1.284524814863458,
      2.9771410782829895,
      3.304766254971749,
      2.2811032418546957,
      5.177600699165589,
      2.670380497232557,
      4.445193471605032,
      3.1981296096312297,
      4.0565636935711975,
      3.3438833711719074,
      2.8016602220826137,
      2.82711796711775,
      4.674615920051615,
      2.5820681633140516,
      3.1868056106389675,
      2.8412717223102755,
      2.261743796277554,
      3.202612058929399,
      1.9513328778042978,
      1.9980422918446947,
      0.9826520238619575,
      2.677361574386247,
      1.8164338688760457,
      2.69357476228153,
      0.8594632045643377,
      2.8176082055530713,
      3.638859711503042
    ],
    [
      1.516149069188119,
      0.6008327554319917,
      0.5896778781673938,
      2.448046772428991,
      2.3948246282348107,
      0.7299842464053587,
      3.81881722526753,
      1.7100064327364384,
      3.3253992241533945,
      1.3353666163267672,
      2.7226929683678986,
      2.3800052520950454,
      2.614686214443332,
      0.0,
      3.105239765299936,
      1.7500928546794308,
      1.0729944081867346,
      0.692769081296214,
      1.2899899224412574,
      2.0274054848500334,
      3.0620496403552964,
      0.4754135042255317,
      1.6316942115482298,
      1.624686123532788,
      1.6769317219254933,
      1.057051086750305,
      4.473756922319316,
      2.0296881533871156,
      3.1087573079930184,
      0.16770509831248398,
      1.9070364443292636,
      0.9456114424011581,
      1.7259107740552515,
      0.6504398511776472,
      4.310573163745165,
      2.2339498651491714,
      3.5534564862961244,
      0.5860759336468269,
      3.2115767155713404,
      1.3745704783676973,
      0.22589378034819801,
      1.0786083626599603,
      5.367000838457173,
      1.868052461790086,
      3.7703159018840853,
      0.25660280590827506,
      0.5699412250399158,
      1.413830258552985,
      2.033535836910675,
      1.3662389981258776,
      2.0498958510129244,
      2.3628146351332773,
      0.8056003972193662,
      0.23860637040950924,
      2.195464643304465,
      1.042122833451028,
      3.635382235749083
    ],
    [
      2.123872406713737,
      2.5534247590246326,
      3.6105581286000645,
      1.782304407221169,
      3.0970303518047744,
      3.4717351569496198,
      2.36676002163295,
      2.589926639887702,
      1.2757687878295187,
      1.9191628383230022,
      2.3243917483935452,
      1.688966843961124,
      1.508525770412955,
      3.105239765299936,
      0.0,
      3.2809731787992416,
      3.336221965037698,
      2.5080177431589274,
      2.0768909456204003,
      2.1922794073748904,
      0.9533068760897516,
      3.344751111816842,
      1.4769752875386917,
      3.2160262747682893,
      2.2387286570730267,
      2.1128712691501104,
      3.308000151148727,
      1.9731720654823799,
      1.5140970906781377,
      3.2008188014943926,
      1.1993139705681746,
      2.990382751421631,
      2.934977001613471,
      2.52387044041488,
      4.0885534116604125,
      1.896660749844315,
      3.4469994197852722,
      3.6010349901104823,
      3.0944125452175895,
      3.1927834251636926,
      3.32977626876041,
      2.7479785297560095,
      3.1704390863096554,
      2.0290948721043085,
      1.75504985684168,
      3.361839526211803,
      3.0149038127276966,
      2.9901829375474676,
      1.3461092080511154,
      1.8770863059539908,
      1.127015971492862,
      1.8254383035315112,
      2.381327780881918,
      3.280656184363122,
      1.0378521089249657,
      2.758344793531077,
      2.3592901474808055
    ],
    [
      1.1860004215850852,
      1.5269672557065526,
      1.6092001118568193,
      1.723404189387968,
      0.7860394392140891,
      1.2232489525848775,
      2.76213033725782,
      0.6968019804793892,
      2.794594246040022,
      1.555304793280082,
      1.5838547913240022,
      1.7492083923878254,
      3.582575191116022,
      1.7500928546794308,
      3.2809731787992416,
      0.0,
      2.8175567429956048,
      1.4396756579174352,
      2.488146498902346,
      1.1661715139721085,
      2.720084006055695,
      1.398808421478796,
      2.2265778674908274,
      0.127577427470537,
      3.0274948389716534,
      1.5858688470362234,
      3.131460042855409,
      1.3566639230111486,
      2.440279697083922,
      1.6331105290212296,
      2.3764218901533454,
      0.8137862127119141,
      0.3541539213392956,
      1.4864726704517643,
      2.6612061175339274,
      1.5100400656936228,
      1.961426521692821,
      1.59640846903291,
      1.699473447865544,
      0.3770848710834205,
      1.8281928235281968,
      0.8074335886003257,
      4.396648382575072,
      1.2632565060192646,
      3.0331510018461,
      1.8148019175656611,
      2.2805446717834754,
      0.3960214640647647,
      1.9375151612310026,
      1.592347951925081,
      2.665117258208351,
      1.6377942483718766,
      2.0762083228809196,
      1.949135705896334,
      2.824120748126751,
      0.8309374224332424,
      2.547356472894989
    ],
    [
      2.3612803730179945,
      1.4264168394967858,
      1.4654559017589035,
      3.2200496890576082,
      3.422842093933052,
      1.753706931046348,
      4.596425785324941,
      2.689693848749333,
      3.9084218042580816,
      2.023661285887537,
      3.605031206522351,
      3.127333049101103,
      2.3493694898844666,
      1.0729944081867346,
      3.336221965037698,
      2.8175567429956048,
      0.0,
      1.5404583733421688,
      1.260335272854013,
      2.911233759078786,
      3.5841351816023903,
      1.5053082740754467,
      1.9581013763337172,
      2.691087884109324,
      1.256696065084951,
      1.737985615590647,
      5.345983164956658,
      2.8547477997189175,
      3.7764624981588257,
      1.212105605960141,
      2.2154180192460293,
      2.0059636088423933,
      2.7623998624384556,
      1.4838210808584706,
      5.317401621092769,
      3.039099373169624,
      4.547432242485863,
      1.4708154200986612,
      4.186176298246408,
      2.4441245876591484,
      1.0597853556263175,
      2.095724457079222,
      6.039492114408296,
      2.705246938820928,
      4.410812736900083,
      1.0892951849705388,
      0.5550585554696009,
      2.4659085546710773,
      2.6247767524115266,
      2.0364110587010673,
      2.2104859194303863,
      3.1477179034977074,
      1.1040493648383658,
      0.9129556396671202,
      2.304132808672278,
      2.0612231805411074,
      4.436063232191353
    ],
    [
      0.8459225732890685,
      0.11428473213863742,
      1.107583405437261,
      1.7644999291584003,
      1.917265761442581,
      0.983595445292423,
      3.142175361115289,
      1.1582594700670485,
      2.635307382450859,
      0.6505328585090836,
      2.0820283379435542,
      1.6918108641334586,
      2.300472342802669,
      0.692769081296214,
      2.5080177431589274,
      1.4396756579174352,
      1.5404583733421688,
      0.0,
      1.0727222380467374,
      1.3834717199856303,
      2.3809420404537356,
      0.8367466761212742,
      1.0846865906795378,
      1.3153106097040344,
      1.5974207335576933,
      0.3969408016316793,
      3.8331548364239083,
      1.357645388162903,
      2.4161740417445094,
      0.7308542946442883,
      1.3375982206925963,
      0.6957945098949833,
      1.2861823354408186,
      0.05671860364994903,
      3.7845924483357516,
      1.5571823913723144,
      3.0113558408132373,
      1.097343155079577,
      2.6465381161056416,
      1.1173598346101403,
      0.9077824629282064,
      0.6347164721353937,
      4.676732299373142,
      1.1990016680555535,
      3.0775699829573333,
      0.9291243189153969,
      0.9889762383394256,
      1.0464248659125033,
      1.35194119694608,
      0.6847086971844306,
      1.5443380458953924,
      1.6816004281635992,
      0.6365665715382803,
      0.9234825390877729,
      1.7039154908621497,
      0.6090361237233793,
      2.9643908311826896
    ],
    [
      1.5622707831870892,
      1.0163513172127054,
      1.8784083688058892,
      2.2148058605665653,
      2.842231693581648,
      1.9272252073901484,
      3.5313205745159983,
      2.063737386393919,
      2.7223963708468317,
      1.1144729696138893,
      2.708358358858739,
      2.1037654336926446,
      1.3247135539428891,
      1.2899899224412574,
      2.0768909456204003,
      2.488146498902346,
      1.260335272854013,
      1.0727222380467374,
      0.0,
      2.0798906221241538,
      2.3768487541280368,
      1.7040434266766797,
      0.7508421938063949,
      2.368018792155164,
      0.5483812542383256,
      0.9357440889474005,
      4.365208471539476,
      1.948001026693775,
      2.6473159992717155,
      1.441054128060428,
      0.9778599081668092,
      1.7679878393246944,
      2.2814105285984807,
      1.03807995838471,
      4.579489163651335,
      2.087373948290052,
      3.8040726859512035,
      1.874002401279145,
      3.415530559078633,
      2.185692110064911,
      1.4792951024051963,
      1.6834708194679233,
      4.869303851681471,
      1.8343614692857027,
      3.245534162506998,
      1.5186023179226351,
      0.9877190896201211,
      2.092210792439424,
      1.5096734746295313,
      1.102820474964081,
      0.9503520400356915,
      2.1625330055284713,
      0.49864817256257954,
      1.3774429207774819,
      1.0507621043794837,
      1.6637433696336705,
      3.398809497456426
    ],
    [
      0.5521965229879664,
      1.4969465588323452,
      2.2219543199624963,
      0.565991166008799,
      0.9310263154175616,
      1.902256029034998,
      1.8186984356951539,
      0.49720518903165156,
      1.637535037793085,
      0.9676698817262007,
      0.6988504847247372,
      0.5830420224992365,
      2.823736708689392,
      2.0274054848500334,
      2.1922794073748904,
      1.1661715139721085,
      2.911233759078786,
      1.3834717199856303,
      2.0798906221241538,
      0.0,
      1.5553588010488124,
      1.9325260670945683,
      1.5113785098379557,
      1.140750630067764,
      2.610802367089473,
      1.205122400422463,
      2.45122214415585,
      0.22105429197371368,
      1.2997326648199619,
      2.001497939044654,
      1.5392287029548268,
      1.2916299779735685,
      0.8142217142768916,
      1.4386372023550618,
      2.499707582898448,
      0.34411771241829475,
      1.7243160963118105,
      2.208587784082851,
      1.3358360677867627,
      1.227079867001329,
      2.2093213890242405,
      1.0364096680367272,
      3.4238313334625583,
      0.2509601562001424,
      1.9303484141470424,
      2.2179364283044722,
      2.3671366669459535,
      1.0090852293042445,
      0.9157821793417902,
      0.9771182118863606,
      1.841966883524239,
      0.47632132011909795,
      1.8700152405796056,
      2.2660013239184122,
      1.978203730660722,
      1.0695517752778498,
      1.6233634836351347
    ],
    [
      1.7195929750961416,
      2.462409389195875,
      3.460111558895175,
      1.0235355391973453,
      2.356946541608443,
      3.229635428341719,
      1.4324262633727431,
      2.0330297587590795,
      0.3745984516785936,
      1.7304450294649643,
      1.4695934812049216,
      0.9746655836747286,
      2.289769420705937,
      3.0620496403552964,
      0.9533068760897516,
      2.720084006055695,
      3.5841351816023903,
      2.3809420404537356,
      2.3768487541280368,
      1.5553588010488124,
      0.0,
      3.1695087947503793,
      1.6334656408997408,
      2.6861163414863474,
      2.7186423082119497,
      2.005415916960868,
      2.374378444983023,
      1.3670091440806094,
      0.5632832324861089,
      3.1116685234773964,
      1.4032448111430877,
      2.6594159133163062,
      2.3665578378733954,
      2.416199495074858,
      3.1429560925981765,
      1.2138698447527225,
      2.527800822849775,
      3.4483603349998098,
      2.1948150263746595,
      2.7335251965182246,
      3.283892811892617,
      2.3919949832723306,
      2.5026885543351174,
      1.4842317878283022,
      0.9117115771997195,
      3.307706304979328,
      3.1477828705296687,
      2.5150363814465986,
      1.02924049667704,
      1.69729461202232,
      1.5390454834084661,
      1.0973791505218238,
      2.5026266201732934,
      3.2775175056740733,
      1.5516433224165918,
      2.413724093594792,
      1.4091926766769687
    ],
    [
      1.4968720720221886,
      0.8012752336120215,
      0.2948389390836967,
      2.4243351665972264,
      2.11662490772456,
      0.2554544969265564,
      3.751220734640925,
      1.52889240955667,
      3.391714905471862,
      1.4600116437891855,
      2.599533227331399,
      2.3773415825244806,
      3.018617233105251,
      0.4754135042255317,
      3.344751111816842,
      1.398808421478796,
      1.5053082740754467,
      0.8367466761212742,
      1.7040434266766797,
      1.9325260670945683,
      3.1695087947503793,
      0.0,
      1.9086036780851072,
      1.2813621658219816,
      2.131891648278589,
      1.2325035496906291,
      4.325190516035104,
      1.9865306441129975,
      3.1311355767516678,
      0.30960781643879715,
      2.1695534102667304,
      0.6745405843980031,
      1.455008591039929,
      0.8236613381724311,
      4.035225520339601,
      2.195335509665892,
      3.3009606177596242,
      0.2821719334023137,
      2.986190382410338,
      1.0257065857251777,
      0.4511163929630577,
      0.8999877776947869,
      5.346172088513425,
      1.8253355855841966,
      3.7925242253675853,
      0.4289393896577929,
      1.0395099807120656,
      1.124779978484682,
      2.150871916223744,
      1.49863571290691,
      2.3580765466795177,
      2.333414879527428,
      1.2057271664850222,
      0.5929797635670204,
      2.513380393016545,
      0.8652687443794558,
      3.554739090284968
    ],
    [
      1.0938052843170947,
      1.1073292193381337,
      2.15796061131801,
      1.5230840423299044,
      2.3836788793795196,
      2.068280686947494,
      2.795330570791226,
      1.6489147946452545,
      1.9734137934047182,
      0.6715906491308529,
      2.060616655275794,
      1.4056887991301634,
      1.3631823062231994,
      1.6316942115482298,
      1.4769752875386917,
      2.2265778674908274,
      1.9581013763337172,
      1.0846865906795378,
      0.7508421938063949,
      1.5113785098379557,
      1.6334656408997408,
      1.9086036780851072,
      0.0,
      2.1252032843942246,
      1.1817453194322365,
      0.7201562330494677,
      3.6517471161075767,
      1.3362933809609328,
      1.899865784733227,
      1.7356776774505107,
      0.2784420945187709,
      1.68890171413259,
      1.9419212136438488,
      1.0880193012993842,
      3.9711848357889363,
      1.4343172591864048,
      3.2083723287673456,
      2.1494215500920237,
      2.815475270713632,
      2.01181360965672,
      1.8551059268947416,
      1.5016157964006638,
      4.119584930548222,
      1.2614285552499596,
      2.4948346638605137,
      1.888022510459025,
      1.5639734652480521,
      1.8547328648622154,
      0.7818043233444036,
      0.6358970042388941,
      0.4658036066841904,
      1.4845581834337116,
      0.916922025038116,
      1.8036831761703602,
      0.6284783210262709,
      1.4979058715420002,
      2.6724195029972373
    ],
    [
      1.1052063155809415,
      1.4012797722082477,
      1.4998803285595814,
      1.7046131525950396,
      0.8705917527750884,
      1.11468829723829,
      2.7947522251534216,
      0.6531500593278695,
      2.777262141030263,
      1.4554562858430338,
      1.6092060154001413,
      1.7217345904639312,
      3.476950531715975,
      1.624686123532788,
      3.2160262747682893,
      0.127577427470537,
      2.691087884109324,
      1.3153106097040344,
      2.368018792155164,
      1.140750630067764,
      2.6861163414863474,
      1.2813621658219816,
      2.1252032843942246,
      0.0,
      2.9058040195443318,
      1.4726194348846549,
      3.198088491583684,
      1.31915162130818,
      2.4305869661462434,
      1.5097953503703734,
      2.2835535903499173,
      0.686547886166726,
      0.33303002867609405,
      1.3614804442223907,
      2.7663365666527278,
      1.4843075826795473,
      2.0553856085902718,
      1.4869041663806037,
      1.7791486728207966,
      0.2558378392654214,
      1.7065887026463051,
      0.6851926736327523,
      4.430158123588819,
      1.213756565378742,
      3.0367306433070422,
      1.6940631629310634,
      2.1533323013413415,
      0.27758422145359707,
      1.870157480000013,
      1.4935514721629113,
      2.568796216129259,
      1.6165005412928264,
      1.9516426414689754,
      1.8257694268444735,
      2.7288550712707336,
      0.7073931014648079,
      2.58134170539276
    ],
    [
      2.104266142863112,
      1.527713323892935,
      2.259066178756169,
      2.699677943755514,
      3.3896726980639293,
      2.372414171260996,
      3.969195510427774,
      2.6117032756421623,
      3.0824152867516075,
      1.6522082193234602,
      3.218149312881551,
      2.583986261573385,
      1.09268293662892,
      1.6769317219254933,
      2.2387286570730267,
      3.0274948389716534,
      1.256696065084951,
      1.5974207335576933,
      0.5483812542383256,
      2.610802367089473,
      2.7186423082119497,
      2.131891648278589,
      1.1817453194322365,
      2.9058040195443318,
      0.0,
      1.4841000640118571,
      4.833397666238523,
      2.4668785944995344,
      3.0589226861756407,
      1.8412292089796967,
      1.3357484793178689,
      2.286058835638313,
      2.828379748195068,
      1.5572347286135124,
      5.107126883091901,
      2.592249987944835,
      4.334199464722407,
      2.2571896242894613,
      3.9437475832005267,
      2.7147729186803082,
      1.8278402556022229,
      2.220619733317706,
      5.220324319426907,
      2.3624275650271267,
      3.6176204886637846,
      1.868131954654167,
      1.2259221019298088,
      2.6315394733881536,
      1.963494843385131,
      1.6370965151755714,
      1.187340305051589,
      2.655559639699323,
      0.9762888916709024,
      1.6998461695106413,
      1.2188523290374436,
      2.1990779886125,
      3.8519989615782606
    ],
    [
      0.6575963807686293,
      0.46056595618868823,
      1.5044151687616025,
      1.4840680577385932,
      1.9083631729835915,
      1.3656771214309773,
      2.8642932810730115,
      1.1288529576521475,
      2.277070266812159,
      0.2937635103276099,
      1.8826215764194354,
      1.3957370812585013,
      2.0190356609034916,
      1.057051086750305,
      2.1128712691501104,
      1.5858688470362234,
      1.737985615590647,
      0.3969408016316793,
      0.9357440889474005,
      1.205122400422463,
      2.005415916960868,
      1.2325035496906291,
      0.7201562330494677,
      1.4726194348846549,
      1.4841000640118571,
      0.0,
      3.61128592055517,
      1.1219380553310419,
      2.0849520378176565,
      1.1177021070034718,
      0.9554396893577318,
      0.9725204368032587,
      1.3523627471947013,
      0.4202725306274494,
      3.6891660304193414,
      1.3015717421640653,
      2.9111650588724785,
      1.494230236610142,
      2.5297355593025923,
      1.3253667416983124,
      1.2801394455292754,
      0.808371820389603,
      4.355260382571862,
      0.9795657201025361,
      2.740095801244913,
      1.3054570081009946,
      1.2192095800148557,
      1.1952995440474332,
      0.9780925314099885,
      0.31679646462673816,
      1.185921582567751,
      1.410124108013192,
      0.6655441382808509,
      1.273173201100306,
      1.3483953426202566,
      0.7986169294474041,
      2.6996008964289517
    ],
    [
      2.990627526122235,
      3.945992524067931,
      4.599214824293381,
      2.1537242163285435,
      2.3546736504237695,
      4.239707537083189,
      0.9424659145030126,
      2.796577372432238,
      2.0322325162244606,
      3.3346311640119963,
      1.7526397233886948,
      2.261954022521236,
      4.631369667819661,
      4.473756922319316,
      3.308000151148727,
      3.131460042855409,
      5.345983164956658,
      3.8331548364239083,
      4.365208471539476,
      2.45122214415585,
      2.374378444983023,
      4.325190516035104,
      3.6517471161075767,
      3.198088491583684,
      4.833397666238523,
      3.61128592055517,
      0.0,
      2.4912504892121947,
      1.85770315174411,
      4.435669960671104,
      3.5253772847739286,
      3.652763611294879,
      2.9185840745128453,
      3.887742404018044,
      1.2996891936151505,
      2.311324512049314,
      1.3516286472252654,
      4.585613372276385,
      1.4556290736310538,
      3.40986583313772,
      4.64623126845834,
      3.432910863975352,
      1.6359073934670014,
      2.6419252449681463,
      1.6030162195062156,
      4.651384740053224,
      4.810319116233351,
      3.239743354032847,
      2.8699430307934684,
      3.3283560506652528,
      3.759383992092321,
      2.214255631132051,
      4.268758718878359,
      4.7119388790602965,
      3.8223014009886764,
      3.4690818670074655,
      0.9960245980898262
    ],
    [
      0.5138423882865251,
      1.467692747137493,
      2.2801758704099995,
      0.4400102271538698,
      1.1498543386011988,
      1.9837482199109844,
      1.789160976547387,
      0.6660270264786561,
      1.4821396695318565,
      0.8557207488427518,
      0.7660841990277569,
      0.4167601228524633,
      2.624610066276513,
