{
  "activeRoutes": [],
  "benchmarkFamily": "synthetic-food",
  "capacity": 4,
  "constraints": {
    "capacity": 4,
    "pickupDelivery": true,
    "timeWindows": true
  },
  "depotNodeId": "0",
  "distanceMatrix": [
    [
      0.0,
      5.038508608705553,
      21.59342763435208,
      9.114729288355193,
      16.360759915113967,
      17.340916613604943,
      15.301192437192595,
      8.466074946514468,
      13.15813436623901,
      7.240722615871981,
      11.366614711513714,
      7.198993332404194,
      16.215002065988152,
      18.524212182978257,
      16.644181115332774,
      6.7485296917180415,
      23.182551757733663,
      4.241320195410862,
      13.840168857351411,
      8.426723799911803,
      14.523788245495732,
      12.464198329615906,
      16.3168017699548,
      9.136349052001025,
      13.848539886933928,
      3.494077417573913,
      15.974745381382455,
      10.056825940623613,
      21.90167447936344,
      16.97128545514452,
      16.650250268389357,
      6.730702935058122,
      17.69578853851955,
      10.041897231101304,
      11.48428918131201,
      12.40721677089588,
      17.098173031058028,
      9.413209707639579,
      14.658291885482427,
      7.496266337317532,
      14.774855972225243,
      3.8236853950083267,
      11.805864686671622,
      8.71818903213276,
      15.733101950982203,
      15.876172901552819,
      25.167700927975126,
      5.277016202362843,
      11.880249702762983
    ],
    [
      5.038508608705553,
      0.0,
      17.321137433783043,
      14.143081453488128,
      21.085523232777504,
      12.978416698503711,
      19.43779815205415,
      4.6773244488703165,
      16.763865932415467,
      7.774692341179805,
      16.02478595800892,
      12.167991535171284,
      20.511228266488576,
      14.51836664366898,
      20.92894426386577,
      5.394056358622888,
      26.050334143730286,
      5.700375601659943,
      18.24508594115138,
      10.772599175686432,
      17.77624718550009,
      8.046857833962271,
      20.644304226589956,
      4.467019252253122,
      17.705126997567678,
      7.133631052977154,
      20.666434259445918,
      14.873846341817572,
      21.306666046099274,
      12.647032893133472,
      20.64449033035206,
      3.799082125987805,
      12.695570763065364,
      11.8334031030807,
      16.06153320825879,
      16.79863640299414,
      21.022808565936188,
      6.220263820771592,
      18.43057720203032,
      4.15080450033485,
      19.40917891102042,
      5.606668975425601,
      16.584031898184467,
      11.764862812629813,
      13.1719949134518,
      13.622554129090476,
      20.76419699868021,
      2.7692722870819324,
      16.193559336970974
    ],
    [
      21.59342763435208,
      17.321137433783043,
      0.0,
      29.66838426675777,
      37.917697925902615,
      18.02550199023595,
      36.71081732950112,
      13.127362339784794,
      34.08115762411835,
      24.433605648778077,
      32.95769969218119,
      27.45640398886934,
      37.72686296261591,
      20.41050239460068,
      38.151026329575984,
      15.655201116561868,
      43.04235640621921,
      22.958530005207216,
      35.39487342822403,
      21.065881348759184,
      35.03052899971681,
      16.782276514227743,
      37.84469697328808,
      12.869436079331527,
      35.02235000681708,
      24.389416762194212,
      37.54792895753373,
      29.18301946337973,
      34.48096663378218,
      18.118220249240817,
      37.951582114583836,
      14.9108126203772,
      8.502853932651087,
      28.6828638214527,
      33.07591759876058,
      29.397888784740992,
      38.33879875530793,
      19.69125501333016,
      35.75167724736841,
      14.116318216872275,
      36.364903134753426,
      22.908414371143195,
      33.354328354802774,
      22.809611417119754,
      9.374023895851765,
      25.2480637079361,
      3.6766061796172855,
      16.32452991666223,
      33.38631411222269
    ],
    [
      9.114729288355193,
      14.143081453488128,
      29.66838426675777,
      0.0,
      9.314615880432214,
      26.055136787205697,
      10.861841096241461,
      16.869199299314708,
      11.0577293329146,
      13.302705363947586,
      5.946086107684617,
      2.215789926865806,
      10.997180820555783,
      26.9253510469223,
      11.387564489389293,
      14.014086092214503,
      20.992561158658084,
      11.251650767776255,
      8.753266818736872,
      10.33607933406086,
      12.957813280025299,
      21.318945048946482,
      10.961917806661388,
      17.98493869881129,
      10.753332739202294,
      8.71642386532458,
      9.1418028856457,
      2.876314655944304,
      26.18410252424168,
      25.664072319100097,
      12.396919778719223,
      14.980389981572575,
      26.709301937714503,
      13.16664611812742,
      6.444354118140932,
      6.430193309691397,
      12.979906971931657,
      17.768894535113876,
      11.586564331155286,
      15.800741659808248,
      8.42782207928003,
      10.88712781223771,
      5.476916011771588,
      8.996375381229932,
      22.186269650394138,
      22.79311799644796,
      33.3322009474322,
      13.75405431136579,
      7.868556729159417
    ],
    [
      16.360759915113967,
      21.085523232777504,
      37.917697925902615,
      9.314615880432214,
      0.0,
      30.7004262185397,
      4.712611271895871,
      24.805542324246808,
      7.861341170563709,
      16.771921565521346,
      5.068567943709546,
      11.313502729040191,
      3.6001090261268494,
      30.886763637519554,
      3.704682712460005,
      22.508929472544892,
      14.141090233783254,
      16.28721081093998,
      3.7456872533621954,
      19.63907739686363,
      9.154319745344278,
      26.600464375645775,
      3.3816453096089196,
      25.438003321801812,
      6.5457418219786225,
      14.08915419746693,
      0.5264798191763873,
      11.502058467943895,
      25.00467964201901,
      30.285130427323573,
      5.559709794584607,
      23.007419520667675,
      33.67349107235542,
      14.110099397240262,
      5.105904131493263,
      14.334753189364644,
      6.0453329106013705,
      22.522319685147885,
      6.786179632164183,
      23.80201067136976,
      1.8461170060426864,
      16.11928425830378,
      4.563374628495888,
      18.305806537817446,
      31.1430188003668,
      25.02754380677417,
      41.515261446846274,
      21.6004764993738,
      5.583844732798364
    ],
    [
      17.340916613604943,
      12.978416698503711,
      18.02550199023595,
      26.055136787205697,
      30.7004262185397,
      0.0,
      27.485188684089465,
      14.09907032396108,
      23.998732070674066,
      13.928538365528519,
      25.894296765890356,
      24.406433946810008,
      28.854577193228806,
      2.424353522075526,
      29.1938385280182,
      17.203036476157337,
      29.942190784910842,
      14.951742440264272,
      27.151817637130662,
      23.56633898169166,
      24.016073450920317,
      4.936745993060611,
      29.0604025608731,
      11.984686103523943,
      25.329647490638312,
      17.486975496065632,
      30.197575150995153,
      27.3763395106066,
      17.407177197926142,
      0.4160300469917977,
      28.163505126315503,
      15.085587326982,
      9.526076684553825,
      17.192883673194558,
      25.70224365692614,
      29.657242707305073,
      28.31157254551573,
      8.358569375198124,
      25.732726944496182,
      14.690608496587199,
      28.85900667036202,
      15.262546871344899,
      26.761247990331093,
      24.696792848465154,
      20.56393663674346,
      8.548470097040754,
      19.829386198266455,
      15.092047210368776,
      25.14460069279287
    ],
    [
      15.301192437192595,
      19.43779815205415,
      36.71081732950112,
      10.861841096241461,
      4.712611271895871,
      27.485188684089465,
      0.0,
      23.65411560384365,
      3.5871618307514312,
      13.74853104880663,
      4.946302457391779,
      12.297566303948104,
      1.4312742574363628,
      27.395658871434357,
      1.7159128765762028,
      21.9445382043004,
      10.324895737972374,
      14.03504930522155,
      2.133236039448049,
      20.499155104540282,
      4.50918008067986,
      23.789371786577295,
      1.6700449095757923,
      23.903056624624387,
      2.194513385696243,
      12.323355427804552,
      4.248351209587078,
      13.595157446679307,
      20.365623904020218,
      27.069910232581115,
      1.5416471710479023,
      22.00691209597566,
      31.570965047017484,
      10.372194078400186,
      4.505181461384208,
      16.933456410313866,
      2.1190594611761204,
      19.643880293872687,
      2.1370458581883516,
      22.744666034039714,
      3.4973105381135348,
      13.98457006847189,
      5.438539969513872,
      19.46855808733661,
      30.88405318283207,
      21.099327477433963,
      40.19601776295756,
      20.531435653650714,
      3.49111515135207
    ],
    [
      8.466074946514468,
      4.6773244488703165,
      13.127362339784794,
      16.869199299314708,
      24.805542324246808,
      14.09907032396108,
      23.65411560384365,
      0.0,
      21.199304351794186,
      12.4362522087645,
      19.83130315939928,
      14.697763435298583,
      24.631219965726423,
      16.139453584307,
      25.057668686452057,
      3.5628539122450658,
      30.687139342076183,
      10.31372493331095,
      22.281531118843688,
      10.304490720069575,
      22.31774182125064,
      9.67161542866547,
      24.74279420356561,
      2.121869223114377,
      22.05138276843427,
      11.378011777107629,
      24.429049203765583,
      16.864282759726247,
      25.42045023204742,
      13.87051134601749,
      24.940362647724264,
      1.8937362540755203,
      10.365508043506601,
      16.509425338272678,
      19.949065466833275,
      17.930591540716105,
      25.353184336489175,
      9.725336086737569,
      22.81496780624509,
      1.077568559303767,
      23.239029110528687,
      10.170190017890517,
      20.243520099034157,
      11.799469691473421,
      8.597604433794336,
      17.07948479902131,
      16.709787102174587,
      3.206107452971594,
      20.28908691883397
    ],
    [
      13.15813436623901,
      16.763865932415467,
      34.08115762411835,
      11.0577293329146,
      7.861341170563709,
      23.998732070674066,
      3.5871618307514312,
      21.199304351794186,
      0.0,
      10.435875238809636,
      5.527046408345053,
      11.904739098359103,
      5.015082053167225,
      23.845096959333173,
      5.293752260920414,
      19.90648308968714,
      10.373512905472284,
      11.149388548256807,
      4.221412322908054,
      19.52178111751077,
      1.9037292349491337,
      20.45630709585677,
      5.248032012097487,
      21.212750929570642,
      1.397284867162023,
      9.853351967731593,
      7.3440507895847205,
      13.933194895643997,
      17.230881956533736,
      23.5845129269188,
      4.187882758626363,
      19.680233586012136,
      28.50353592100461,
      6.826703450421734,
      4.9796772987815165,
      17.469958214031305,
      4.419919569403952,
      16.315162303820333,
      1.764419734643657,
      20.36614261464355,
      6.211769232674372,
      11.17533399948297,
      6.48276522789465,
      18.75827220188469,
      28.891099200272738,
      17.512645773840116,
      37.48348150852586,
      18.195385129202403,
      3.423825492048331
    ],
    [
      7.240722615871981,
      7.774692341179805,
      24.433605648778077,
      13.302705363947586,
      16.771921565521346,
      13.928538365528519,
      13.74853104880663,
      12.4362522087645,
      10.435875238809636,
      0.0,
      12.017612824517187,
      12.258017172446774,
      15.066072215411689,
      14.223639372537537,
      15.429781754775409,
      12.5894910540498,
      18.608810440218903,
      3.000894033450694,
      13.246027706448448,
      15.667356445807952,
      10.920584645521503,
      10.04230810122852,
      15.258181936259644,
      11.78457678493377,
      11.66983054718448,
      4.865867343033512,
      16.26919475573392,
      15.372570507237883,
      14.661195892559375,
      13.513214347445244,
      14.61250320786962,
      11.461673612522736,
      18.188889465825007,
      4.2507415823594865,
      11.79653042211989,
      18.459274200249585,
      14.8534098778698,
      5.896192415449139,
      12.200246268006234,
      11.909170961909986,
      14.930573498697226,
      3.4180734339683236,
      12.929989984528218,
      15.884073658857158,
      20.9362741909825,
      9.49933650314589,
      27.64055111606858,
      10.146613425177875,
      11.221394075603975
    ],
    [
      11.366614711513714,
      16.02478595800892,
      32.95769969218119,
      5.946086107684617,
      5.068567943709546,
      25.894296765890356,
      4.946302457391779,
      19.83130315939928,
      5.527046408345053,
      12.017612824517187,
      0.0,
      7.368191433452307,
      5.299877168387963,
      26.234843719755602,
      5.72158762932108,
      17.70746161932873,
      15.063327255291243,
      11.269521240940096,
      2.9010046535639984,
      15.64532045053728,
      7.398644808341593,
      21.655864840730786,
      5.323139862900468,
      20.396104726148078,
      4.92651083425176,
      9.024730965519137,
      4.641648414087395,
      8.742602015418521,
      22.205643989760794,
      25.48111402588199,
      6.487789145772227,
      18.06463174271759,
      28.605463009711972,
      10.008319039678938,
      0.5495962154163706,
      12.183211809699444,
      7.063605099380912,
      17.625381158999083,
      5.715336298066804,
      18.847370665427047,
      3.408417961459538,
      11.08248654409289,
      1.0618441505230451,
      14.554166757324172,
      26.50705251437813,
      20.80371851376575,
      36.53376410938244,
      16.633947517050782,
      2.107543831098178
    ],
    [
      7.198993332404194,
      12.167991535171284,
      27.45640398886934,
      2.215789926865806,
      11.313502729040191,
      24.406433946810008,
      12.297566303948104,
      14.697763435298583,
      11.904739098359103,
      12.258017172446774,
      7.368191433452307,
      0.0,
      12.626261560731265,
      25.411624584036343,
      13.036604235766305,
      11.801348821215315,
      22.135746858870608,
      9.884024483984248,
      10.2662478540117,
      8.368725171733152,
      13.759087542420827,
      19.59172154252913,
      12.622315041227576,
      15.874724722022746,
      11.84284425296558,
      7.4498248301554035,
      11.092491379306994,
      3.1199777242794533,
      25.86042729732051,
      24.024481118226053,
      13.83766905949119,
      12.805763116659628,
      24.63187985111977,
      12.813999570781949,
      7.792490295149554,
      6.35563222661601,
      14.405157756859174,
      16.224368955370807,
      12.708136684817326,
      13.625762070431147,
      10.248204720827932,
      9.484060153752715,
      7.14579064904647,
      7.19047321113152,
      20.003538586960065,
      21.73248013918338,
      31.121603509459476,
      11.611667623558644,
      9.02857076175404
    ],
    [
      16.215002065988152,
      20.511228266488576,
      37.72686296261591,
      10.997180820555783,
      3.6001090261268494,
      28.854577193228806,
      1.4312742574363628,
      24.631219965726423,
      5.015082053167225,
      15.066072215411689,
      5.299877168387963,
      12.626261560731265,
      0.0,
      28.79580158634241,
      0.43201967547786646,
      22.774476613085977,
      10.757751902697889,
      15.2097267891307,
      2.438360514772175,
      20.94031332143815,
      5.879329638657801,
      25.097045005338774,
      0.2491104172851879,
      24.96693257090266,
      3.619393457473229,
      13.378255080540216,
      3.2090213461427743,
      13.606889137492079,
      21.7002571643748,
      28.438972168487386,
      1.9652384079291745,
      22.943043259341167,
      32.76547670948799,
      11.777223441881366,
      4.966396883053144,
      16.81221199009815,
      2.481653682527038,
      20.954872774607818,
      3.53379753240052,
      23.696869518989214,
      2.869337379953776,
      15.134398765725715,
      5.525729001679325,
      19.8158926117397,
      31.66422626561401,
      22.527676533544245,
      41.24080176233241,
      21.477801377235984,
      4.342178370357445
    ],
    [
      18.524212182978257,
      14.51836664366898,
      20.41050239460068,
      26.9253510469223,
      30.886763637519554,
      2.424353522075526,
      27.395658871434357,
      16.139453584307,
      23.845096959333173,
      14.223639372537537,
      26.234843719755602,
      25.411624584036343,
      28.79580158634241,
      0.0,
      29.111537128774224,
      19.081477353706134,
      29.00981180566327,
      15.687130649038401,
      27.25038819906975,
      25.250691178658855,
      23.670378999923088,
      6.588401095865374,
      29.012650775136013,
      14.050435473678387,
      25.21140392758801,
      18.236517704868987,
      30.37315171331418,
      28.450629254904015,
      15.557763463943006,
      2.451001631986405,
      27.950786339564758,
      16.97465537205395,
      11.907678741047729,
      17.02426142303977,
      25.99598132404315,
      30.925349230041043,
      28.04941043943705,
      9.187422054091128,
      25.53900565801261,
      16.648365445292225,
      29.040732291042524,
      16.040359877508987,
      27.153627308335807,
      26.28261518570783,
      22.903086342237806,
      7.2332776111524995,
      22.113466507990108,
      16.831954045802288,
      25.30342210057762
    ],
    [
      16.644181115332774,
      20.92894426386577,
      38.151026329575984,
      11.387564489389293,
      3.704682712460005,
      29.1938385280182,
      1.7159128765762028,
      25.057668686452057,
      5.293752260920414,
      15.429781754775409,
      5.72158762932108,
      13.036604235766305,
      0.43201967547786646,
      29.111537128774224,
      0.0,
      23.20625570832141,
      10.523977812595389,
      15.611845822964051,
      2.8687322984203383,
      21.357586497542275,
      6.043062137691459,
      25.465640635962803,
      0.43076327605774517,
      25.386093929551276,
      3.90684655444772,
      13.796748892402155,
      3.3583306865167386,
      13.97704621871159,
      21.812502148997027,
      28.77842582560763,
      1.8916038168707523,
      23.371697606292962,
      33.165656106882615,
      12.088099312960662,
      5.394391995396701,
      17.157313921473836,
      2.3434035077211957,
      21.321886830203372,
      3.738447271261159,
      24.12474086907464,
      3.1710140333968893,
      15.540798467260299,
      5.922887302659068,
      20.22503263285377,
      32.09619706444987,
      22.799335363119692,
      41.66256167112148,
      21.905852756740604,
      4.768773427203273
    ],
    [
      6.7485296917180415,
      5.394056358622888,
      15.655201116561868,
      14.014086092214503,
      22.508929472544892,
      17.203036476157337,
      21.9445382043004,
      3.5628539122450658,
      19.90648308968714,
      12.5894910540498,
      17.70746161932873,
      11.801348821215315,
      22.774476613085977,
      19.081477353706134,
      23.20625570832141,
      0.0,
      29.876986678713102,
      9.910188797394328,
      20.35860960380153,
      6.7460143047580345,
      21.2548951538228,
      12.498617083501674,
      22.856745984500947,
      5.522999637877953,
      20.57482641482061,
      10.15546709905556,
      22.177978650003254,
      13.660848472917051,
      26.643105562227532,
      16.935958461214998,
      23.333198773421525,
      2.117581875630786,
      13.890214433190005,
      16.236202542466636,
      17.9060314140236,
      14.46360885118234,
      23.797508861223275,
      11.533367678176223,
      21.393513502928872,
      2.634063400907423,
      21.072369824013624,
      9.631669481455432,
      17.970456254641952,
      8.241122799716067,
      8.985936233915751,
      18.979419511671054,
      19.322026938186376,
      2.6262279032863862,
      18.479351070857437
    ],
    [
      23.182551757733663,
      26.050334143730286,
      43.04235640621921,
      20.992561158658084,
      14.141090233783254,
      29.942190784910842,
      10.324895737972374,
      30.687139342076183,
      10.373512905472284,
      18.608810440218903,
      15.063327255291243,
      22.135746858870608,
      10.757751902697889,
      29.00981180566327,
      10.523977812595389,
      29.876986678713102,
      0.0,
      20.3734293873172,
      12.442140330345103,
      29.895290599022452,
      8.721589362037175,
      27.65472418954852,
      10.91693372701328,
      30.319405601033807,
      10.29474356164349,
      19.723961696373276,
      13.857151511042954,
      23.805875115189526,
      16.603769120293137,
      29.561280757098466,
      8.904877090673407,
      29.367392053091812,
      36.45985477206403,
      14.359826809540566,
      14.551422885752446,
      27.216104974812247,
      8.327628533982528,
      23.817892119161172,
      9.434957816545873,
      29.974781817387765,
      13.607459020698906,
      20.530252604388483,
      15.71105104695418,
      29.10978052132994,
      38.79706820108963,
      21.80859105948846,
      46.2252585931112,
      27.9061481756261,
      13.148614109479375
    ],
    [
      4.241320195410862,
      5.700375601659943,
      22.958530005207216,
      11.251650767776255,
      16.28721081093998,
      14.951742440264272,
      14.03504930522155,
      10.31372493331095,
      11.149388548256807,
      3.000894033450694,
      11.269521240940096,
      9.884024483984248,
      15.2097267891307,
      15.687130649038401,
      15.611845822964051,
      9.910188797394328,
      20.3734293873172,
      0.0,
      13.087835764556337,
      12.667240307186097,
      12.085530273844006,
      10.452806560919413,
      15.367032537220714,
      10.093639829120118,
      12.173450620099462,
      2.550539158687829,
      15.821160166056094,
      12.991933843735508,
      17.661842485992217,
      14.549349298164502,
      15.143188732892419,
      9.059701595527306,
      17.557007860111014,
      6.338892411139346,
      11.181675411135851,
      15.868899930366947,
      15.484380840059448,
      6.595694353136745,
      12.854730880107915,
      9.622753244264349,
      14.504273852902806,
      0.43834803524141097,
      12.026578898423278,
      12.914586056084028,
      18.567402187705206,
      11.988773957331913,
      26.336626454426543,
      7.641227453753746,
      11.00412695310264
    ],
    [
      13.840168857351411,
      18.24508594115138,
      35.39487342822403,
      8.753266818736872,
      3.7456872533621954,
      27.151817637130662,
      2.133236039448049,
      22.281531118843688,
      4.221412322908054,
      13.246027706448448,
      2.9010046535639984,
      10.2662478540117,
      2.438360514772175,
      27.25038819906975,
      2.8687322984203383,
      20.35860960380153,
      12.442140330345103,
      13.087835764556337,
      0.0,
      18.541646313097438,
      5.756477134498151,
      23.199661247526866,
      2.5005011497697875,
      22.684049462122054,
      3.0385728557992473,
      11.11885987860266,
      3.2192247513959034,
      11.466906906398075,
      21.451093794955998,
      26.735852183912144,
      3.650164379860172,
      20.570844707984158,
      30.627711798304485,
      10.384349474088394,
      2.533460084548396,
      14.800697078178441,
      4.2369452439228015,
      19.08051584732446,
      3.5489785854524385,
      21.33291665478492,
      1.998355573965754,
      12.97690317448658,
      3.3077063049793245,
      17.454177322348933,
      29.234238437147628,
      21.294066873192634,
      38.92918026365312,
      19.112856249132406,
      2.083800614262313
    ],
    [
      8.426723799911803,
      10.772599175686432,
      21.065881348759184,
      10.33607933406086,
      19.63907739686363,
      23.56633898169166,
      20.499155104540282,
      10.304490720069575,
      19.52178111751077,
      15.667356445807952,
      15.64532045053728,
      8.368725171733152,
      20.94031332143815,
      25.250691178658855,
      21.357586497542275,
      6.7460143047580345,
      29.895290599022452,
      12.667240307186097,
      18.541646313097438,
      0.0,
      21.233745995466744,
      18.699326672369782,
      20.950020763712864,
      12.246370401061698,
      19.74448624299959,
      11.450817307074633,
      19.4413351393365,
      8.763435057099473,
      30.32839825971691,
      23.26456206336152,
      22.024188248378188,
      8.742980041153018,
      20.556352837991472,
      18.155259127867055,
      16.022459861082506,
      8.33712144567896,
      22.57290298122951,
      16.811255307085194,
      20.61830073017658,
      9.367050816559072,
      18.616842186579333,
      12.2502979555601,
      15.50421378206583,
      1.7478037647287499,
      12.493145200468938,
      23.910931809530137,
      24.71129110346119,
      8.478584433736566,
      17.09177711649669
    ],
    [
      14.523788245495732,
      17.77624718550009,
      35.03052899971681,
      12.957813280025299,
      9.154319745344278,
      24.016073450920317,
      4.50918008067986,
      22.31774182125064,
      1.9037292349491337,
      10.920584645521503,
      7.398644808341593,
      13.759087542420827,
      5.879329638657801,
      23.670378999923088,
      6.043062137691459,
      21.2548951538228,
      8.721589362037175,
      12.085530273844006,
      5.756477134498151,
      21.233745995466744,
      0.0,
      20.779283553578065,
      6.128049037010072,
      22.17560662078943,
      2.719301748611217,
      11.110871792978266,
      8.660820111282767,
      15.83377001853949,
      15.862544877793088,
      23.606278084441858,
      4.453682633506794,
      20.883762041356437,
      29.108288802332574,
      6.907845177767083,
      6.849333763221066,
      19.37278382164009,
      4.434279648375828,
      16.68013914810065,
      2.377636641709583,
      21.535387482002733,
      7.670676241375335,
      12.172735312985328,
      8.324596446675361,
      20.53088320068087,
      30.217483713903114,
      17.041713558207693,
      38.36500312785078,
      19.40555397302535,
      5.291125400139373
    ],
    [
      12.464198329615906,
      8.046857833962271,
      16.782276514227743,
      21.318945048946482,
      26.600464375645775,
      4.936745993060611,
      23.789371786577295,
      9.67161542866547,
      20.45630709585677,
      10.04230810122852,
      21.655864840730786,
      19.59172154252913,
      25.097045005338774,
      6.588401095865374,
      25.465640635962803,
      12.498617083501674,
      27.65472418954852,
      10.452806560919413,
      23.199661247526866,
      18.699326672369782,
      20.779283553578065,
      0.0,
      25.284881253428896,
      7.6438577956421945,
      21.709189413702205,
      12.922489891657875,
      26.115197146489244,
      22.51855279541738,
      17.73531034405657,
      4.600244558716418,
      24.641203744947198,
      10.397166633270812,
      8.998747690651182,
      13.877651818661542,
      21.521130685909604,
      24.73340130269187,
      24.863242125676212,
      4.146152553874496,
      22.219596238455818,
      10.103814378738358,
      24.781419188577555,
      10.71173048578053,
      22.455394563445104,
      19.787534358782544,
      17.116706254417053,
      8.557759169315297,
      19.35989736543043,
      10.253300931895051,
      21.139381755387262
    ],
    [
      16.3168017699548,
      20.644304226589956,
      37.84469697328808,
      10.961917806661388,
      3.3816453096089196,
      29.0604025608731,
      1.6700449095757923,
      24.74279420356561,
      5.248032012097487,
      15.258181936259644,
      5.323139862900468,
      12.622315041227576,
      0.2491104172851879,
      29.012650775136013,
      0.43076327605774517,
      22.856745984500947,
      10.91693372701328,
      15.367032537220714,
      2.5005011497697875,
      20.950020763712864,
      6.128049037010072,
      25.284881253428896,
      0.0,
      25.096852910275427,
      3.8512684923282126,
      13.510676111875382,
      3.00494559018961,
      13.546885103225756,
      21.949123832171523,
      28.6447106810315,
      2.17806932855683,
      23.046600833962483,
      32.92394059039714,
      11.997268022345756,
      5.010980941891517,
      16.72714966753152,
      2.675920962958363,
      21.14409688305462,
      3.7805429504239214,
      23.80351934063533,
      2.7467691930702878,
      15.286178397493602,
      5.501003272131366,
      19.809321644114924,
      31.734588401301192,
      22.75967069181802,
      41.36454658279238,
      21.583898628375735,
      4.459238163632891
    ],
    [
      9.136349052001025,
      4.467019252253122,
      12.869436079331527,
      17.98493869881129,
      25.438003321801812,
      11.984686103523943,
      23.903056624624387,
      2.121869223114377,
      21.212750929570642,
      11.78457678493377,
      20.396104726148078,
      15.874724722022746,
      24.96693257090266,
      14.050435473678387,
      25.386093929551276,
      5.522999637877953,
      30.319405601033807,
      10.093639829120118,
      22.684049462122054,
      12.246370401061698,
      22.17560662078943,
      7.6438577956421945,
      25.096852910275427,
      0.0,
      22.169078578055515,
      11.589644731397076,
      25.03281182767929,
      18.260552948911492,
      23.975889243154253,
      11.761733375655135,
      25.11099360837798,
      3.5240079455075013,
      8.792863583611425,
      15.991013538859882,
      20.458657824989405,
      19.59736905811594,
      25.487104288247423,
      8.209723807778191,
      22.889166629652554,
      2.8889951540284766,
      23.795197519667703,
      10.039005727660484,
      20.903878133016374,
      13.666125493350336,
      9.936690445012362,
      15.37454987958997,
      16.29721006798403,
      4.314889801605601,
      20.641712259403285
    ],
    [
      13.848539886933928,
      17.705126997567678,
      35.02235000681708,
      10.753332739202294,
      6.5457418219786225,
      25.329647490638312,
      2.194513385696243,
      22.05138276843427,
      1.397284867162023,
      11.66983054718448,
      4.92651083425176,
      11.84284425296558,
      3.619393457473229,
      25.21140392758801,
      3.90684655444772,
      20.57482641482061,
      10.29474356164349,
      12.173450620099462,
      3.0385728557992473,
      19.74448624299959,
      2.719301748611217,
      21.709189413702205,
      3.8512684923282126,
      22.169078578055515,
      0.0,
      10.673371070097769,
      6.036531205916192,
      13.603313015585574,
      18.473930280262504,
      24.914814970214007,
      2.9770866631658515,
      20.473268253994036,
      29.63562762959475,
      8.187259431580262,
      4.384507383960025,
      17.087005735353397,
      3.318193785781661,
      17.56357833700183,
      0.8742459608142323,
      21.183263204709515,
      4.9766193344478316,
      12.162928471383854,
      5.759341976302499,
      18.86955518818607,
      29.555761604127206,
      18.90857744517022,
      38.46238647042068,
      18.989144714810084,
      2.8858361006820887
    ],
    [
      3.494077417573913,
      7.133631052977154,
      24.389416762194212,
      8.71642386532458,
      14.08915419746693,
      17.486975496065632,
      12.323355427804552,
      11.378011777107629,
      9.853351967731593,
      4.865867343033512,
      9.024730965519137,
      7.4498248301554035,
      13.378255080540216,
      18.236517704868987,
      13.796748892402155,
      10.15546709905556,
      19.723961696373276,
      2.550539158687829,
      11.11885987860266,
      11.450817307074633,
      11.110871792978266,
      12.922489891657875,
      13.510676111875382,
      11.589644731397076,
      10.673371070097769,
      0.0,
      13.646445288059454,
      10.56964072237084,
      19.167569746840623,
      17.086428678925273,
      13.572231393547634,
      9.827016485180025,
      19.588668280411508,
      6.712751820229915,
      9.006018265582192,
      13.595864996387686,
      13.977199290272717,
      9.137421627570875,
      11.441008521979171,
      10.519327449984623,
      12.358972853760946,
      2.2250458422243784,
      9.697189799111907,
      11.38794331738615,
      19.106909587895156,
      14.290035724238063,
      27.874926242054883,
      8.34207630029838,
      9.061233911559725
    ],
    [
      15.974745381382455,
      20.666434259445918,
      37.54792895753373,
      9.1418028856457,
      0.5264798191763873,
      30.197575150995153,
      4.248351209587078,
      24.429049203765583,
      7.3440507895847205,
      16.26919475573392,
      4.641648414087395,
      11.092491379306994,
      3.2090213461427743,
      30.37315171331418,
      3.3583306865167386,
      22.177978650003254,
      13.857151511042954,
      15.821160166056094,
      3.2192247513959034,
      19.4413351393365,
      8.660820111282767,
      26.115197146489244,
      3.00494559018961,
      25.03281182767929,
      6.036531205916192,
      13.646445288059454,
      0.0,
      11.419254353940978,
      24.50294155810685,
      29.78215761156334,
      5.174204093384795,
      22.640493369182575,
      33.23453796880589,
      13.585411661042883,
      4.646955562516172,
      14.338233154750972,
      5.680754967431705,
      22.03111120665501,
      6.29874344611685,
      23.4316781515964,
      1.3387281277391645,
      15.659613277472724,
      4.208875503029284,
      18.13808837777565,
      30.8510834979908,
      24.502269364285425,
      41.13820730172865,
      21.225710117685107,
      5.069820608266137
    ],
    [
      10.056825940623613,
      14.873846341817572,
      29.18301946337973,
      2.876314655944304,
      11.502058467943895,
      27.3763395106066,
      13.595157446679307,
      16.864282759726247,
      13.933194895643997,
      15.372570507237883,
      8.742602015418521,
      3.1199777242794533,
      13.606889137492079,
      28.450629254904015,
      13.97704621871159,
      13.660848472917051,
      23.805875115189526,
      12.991933843735508,
      11.466906906398075,
      8.763435057099473,
      15.83377001853949,
      22.51855279541738,
      13.546885103225756,
      18.260552948911492,
      13.603313015585574,
      10.56964072237084,
      11.419254353940978,
      0.0,
      28.786770937359396,
      27.000725360626888,
      15.11626653641698,
      14.981794618803187,
      27.053316987016583,
      15.73078027308245,
      9.258738682995647,
      3.5654452737351052,
      15.703689789345686,
      19.266330034544723,
      14.427186593372939,
      15.787870185683692,
      10.899236165897127,
      12.587302570447727,
      8.159630199953915,
      7.175654952685508,
      21.1272306987925,
      24.8516747524186,
      32.859522729339815,
      13.946245659674865,
      10.717622730811152
    ],
    [
      21.90167447936344,
      21.306666046099274,
      34.48096663378218,
      26.18410252424168,
      25.00467964201901,
      17.407177197926142,
      20.365623904020218,
      25.42045023204742,
      17.230881956533736,
      14.661195892559375,
      22.205643989760794,
      25.86042729732051,
      21.7002571643748,
      15.557763463943006,
      21.812502148997027,
      26.643105562227532,
      16.603769120293137,
      17.661842485992217,
      21.451093794955998,
      30.32839825971691,
      15.862544877793088,
      17.73531034405657,
      21.949123832171523,
      23.975889243154253,
      18.473930280262504,
      19.167569746840623,
      24.50294155810685,
      28.786770937359396,
      0.0,
      17.149229516220252,
      20.033688252541012,
      25.071791100757036,
      26.32345617505421,
      13.057389670221221,
      21.719280950344555,
      32.21264318555681,
      19.802860651936122,
      15.766567413359185,
      18.240029002169923,
      25.266916946869475,
      23.434019714935797,
      18.07818843247298,
      23.262630633700905,
      30.493659422902976,
      33.90309036061461,
      9.241412933096319,
      36.833928177700514,
      24.033519613240163,
      20.322181231354072
    ],
    [
      16.97128545514452,
      12.647032893133472,
      18.118220249240817,
      25.664072319100097,
      30.285130427323573,
      0.4160300469917977,
      27.069910232581115,
      13.87051134601749,
      23.5845129269188,
      13.513214347445244,
      25.48111402588199,
      24.024481118226053,
      28.438972168487386,
      2.451001631986405,
      28.77842582560763,
      16.935958461214998,
      29.561280757098466,
      14.549349298164502,
      26.735852183912144,
      23.26456206336152,
      23.606278084441858,
      4.600244558716418,
      28.6447106810315,
      11.761733375655135,
      24.914814970214007,
      17.086428678925273,
      29.78215761156334,
      27.000725360626888,
      17.149229516220252,
      0.0,
      27.750000576576568,
      14.819406330889233,
      9.630223777254605,
      16.779857269953165,
      25.288167114284896,
      29.30062268962897,
      27.899084734091193,
      7.954755873061097,
      25.319054820431194,
      14.440414294610802,
      28.44360555555501,
      14.862422413590593,
      26.349317733102694,
      24.37948945322686,
      20.46110341599396,
      8.228169419743375,
      19.988649679255474,
      14.795450990084754,
      24.728890816209283
    ],
    [
      16.650250268389357,
      20.64449033035206,
      37.951582114583836,
      12.396919778719223,
      5.559709794584607,
      28.163505126315503,
      1.5416471710479023,
      24.940362647724264,
      4.187882758626363,
      14.61250320786962,
      6.487789145772227,
      13.83766905949119,
      1.9652384079291745,
      27.950786339564758,
      1.8916038168707523,
      23.333198773421525,
      8.904877090673407,
      15.143188732892419,
      3.650164379860172,
      22.024188248378188,
      4.453682633506794,
      24.641203744947198,
      2.17806932855683,
      25.11099360837798,
      2.9770866631658515,
      13.572231393547634,
      5.174204093384795,
      15.11626653641698,
      20.033688252541012,
      27.750000576576568,
      0.0,
      23.326957624173794,
      32.61229599399588,
      10.972550934035343,
      6.0452195989889335,
      18.429373130955913,
      0.5893089172921172,
      20.498435184179296,
      2.432897244028194,
      24.051684618753836,
      4.722374932171308,
      15.124370929066766,
      6.95663719048219,
      21.005442770862977,
      32.292213566121475,
      21.449965594378,
      41.40775888646957,
      21.846268193904415,
      4.966596923447682
    ],
    [
      6.730702935058122,
      3.799082125987805,
      14.9108126203772,
      14.980389981572575,
      23.007419520667675,
      15.085587326982,
      22.00691209597566,
      1.8937362540755203,
      19.680233586012136,
      11.461673612522736,
      18.06463174271759,
      12.805763116659628,
      22.943043259341167,
      16.97465537205395,
      23.371697606292962,
      2.117581875630786,
      29.367392053091812,
      9.059701595527306,
      20.570844707984158,
      8.742980041153018,
      20.883762041356437,
      10.397166633270812,
      23.046600833962483,
      3.5240079455075013,
      20.473268253994036,
      9.827016485180025,
      22.640493369182575,
      14.981794618803187,
      25.071791100757036,
      14.819406330889233,
      23.326957624173794,
      0.0,
      12.168637475083228,
      15.370211514484765,
      18.2022877682999,
      16.130353064951805,
      23.756797785055127,
      9.670601273964305,
      21.256820670081403,
      0.8203517538227103,
      21.46825277007889,
      8.857635124569084,
      18.444068450317573,
      10.142492100070868,
