{
  "activeRoutes": [],
  "benchmarkFamily": "synthetic-food",
  "capacity": 4,
  "constraints": {
    "capacity": 4,
    "pickupDelivery": true,
    "timeWindows": true
  },
  "depotNodeId": "0",
  "distanceMatrix": [
    [
      0.0,
      0.5033587190066345,
      2.159657843270549,
      0.9111865890145664,
      1.636298566888085,
      1.734627337499326,
      1.5303819784615866,
      0.8470566687064096,
      1.3162256645423684,
      0.723876370660073,
      1.1369758132871606,
      0.7201180458785907,
      1.6213898359123877,
      1.852034826886363,
      1.6643923816215938,
      0.6748933249040174,
      2.3184341698655153,
      0.42431709840636844,
      1.3837485320678753,
      0.8431043826241208,
      1.4526665136912875,
      1.2461400402843976,
      1.6312357279069136,
      0.9140552499712475,
      1.384637136581278,
      0.34908451698693227,
      1.5977900362688457,
      1.0059448295011015,
      2.190030365086292,
      1.6970742470499045,
      1.6648390312579775,
      0.6732079916340866,
      1.7700048022533723,
      1.0041897231101302,
      1.1485573559905482,
      1.241001611602499,
      1.7097426706963827,
      0.941076511235935,
      1.4651935025790963,
      0.7500466652149047,
      1.47761023277453,
      0.3826447438551851,
      1.1805524130677134,
      0.872158242522537,
      1.5736479911339767,
      1.587429683482075,
      2.51673935877357,
      0.5277016202362844,
      1.1883854593523095
    ],
    [
      0.5033587190066345,
      0.0,
      1.732915462450491,
      1.4135377603728883,
      2.108236466812962,
      1.2986369777578335,
      1.9434744660015475,
      0.4684495703915204,
      1.676305461424021,
      0.7768841612492814,
      1.602258406125554,
      1.216552506059644,
      2.0503963031570263,
      1.451694527095835,
      2.0922609779852994,
      0.5393041813299803,
      2.604808822159508,
      0.5693197695495913,
      1.8236255098018344,
      1.0773137890141387,
      1.7774931786085706,
      0.8047639405440578,
      2.0634456619935495,
      0.44751871469246945,
      1.7696988444365331,
      0.7127482023828612,
      2.066423238351718,
      1.4872071140227916,
      2.1303560735238602,
      1.2648624431138746,
      2.0636426531742362,
      0.380311714255557,
      1.2705168239736142,
      1.182890104785732,
      1.605805094026046,
      1.6797776638591193,
      2.101666481628329,
      0.6219686487275699,
      1.8418930479265077,
      0.41598557667303776,
      1.9404726228421778,
      0.5604221623026703,
      1.6578473994912806,
      1.1766945228053036,
      1.3178353463160717,
      1.3621589481407814,
      2.0768882974295946,
      0.27705053690617537,
      1.6191732458264
    ],
    [
      2.159657843270549,
      1.732915462450491,
      0.0,
      2.9668773146188574,
      3.792318156484237,
      1.8026253077109504,
      3.6716134055752656,
      1.312602376959603,
      3.4088291244942153,
      2.4434502245799887,
      3.296401067831401,
      2.7461602283916355,
      3.772833550529363,
      2.0410156785287072,
      3.8153374686913346,
      1.5656439569710607,
      4.3047612012747,
      2.295853000520721,
      3.5394940316378554,
      2.106652557969633,
      3.503704610836935,
      1.6786997944838138,
      3.784323981902183,
      1.286978243794354,
      3.5022350006817073,
      2.4391084436736303,
      3.755429802299598,
      2.918833499876278,
      3.44817995470074,
      1.8115079353952601,
      3.7951807598584817,
      1.4912762990137003,
      0.8497958578388105,
      2.868513378040967,
      3.308038996142578,
      2.9403661336643094,
      3.8340769423682666,
      1.9696184909773768,
      3.574805449251749,
      1.411566505695003,
      3.636937447908611,
      2.291364877098364,
      3.335717314161978,
      2.281740125430589,
      0.9374529321517963,
      2.5251900918544723,
      0.3673268299484806,
      1.6327721825165937,
      3.3392912421650194
    ],
    [
      0.9111865890145664,
      1.4135377603728883,
      2.9668773146188574,
      0.0,
      0.9319442043384356,
      2.605806017338973,
      1.086680265763578,
      1.6871016566881798,
      1.106042042600551,
      1.3299721801601714,
      0.5949327693109528,
      0.22110857061633796,
      1.100135446206511,
      2.691902672831988,
      1.1392106916633113,
      1.4013208055259865,
      2.099377526792168,
      1.1253461689631328,
      0.8756443341905431,
      1.0338868410034054,
      1.2958383386827228,
      2.1313136794005714,
      1.0960588487850451,
      1.798671732140137,
      1.0755245231978674,
      0.8711469451246442,
      0.9147119765259443,
      0.2877672670753224,
      2.618155839517579,
      2.5661492552071095,
      1.240016128927362,
      1.4978417806964797,
      2.6710316359040007,
      1.3165811786593333,
      0.6443454042669965,
      0.6431873754979963,
      1.2981436746369792,
      1.776326546556122,
      1.1583371702574343,
      1.580042088047024,
      0.8432799060810116,
      1.0885311203635843,
      0.5478037969930475,
      0.8992735957426976,
      2.2187142673178992,
      2.278817675901256,
      3.3329176407466177,
      1.3750963602598911,
      0.7872083586954598
    ],
    [
      1.636298566888085,
      2.108236466812962,
      3.792318156484237,
      0.9319442043384356,
      0.0,
      3.0707479544892644,
      0.47147640449973766,
      2.4812384004766654,
      0.7860159031470035,
      1.6773699651537821,
      0.5067593117052709,
      1.1314861908127736,
      0.36056899478463195,
      3.088448801583086,
      0.37094069606879226,
      2.25127963611809,
      1.4138493554831082,
      1.629317648587899,
      0.37529321869706106,
      1.9646867434784614,
      0.9151398800183497,
      2.6598439803868197,
      0.3381789467131267,
      2.544403269924011,
      0.655064118999049,
      1.409109293135206,
      0.05255473337388405,
      1.1504616464706678,
      2.500343176445985,
      3.0287835842133064,
      0.5564746175702895,
      2.3010975642071334,
      3.3680406767139854,
      1.4111732707219193,
      0.5105379515765704,
      1.433753814293096,
      0.6045667870467248,
      2.2520319713538703,
      0.6787967295148088,
      2.380808476127384,
      0.1848377667036689,
      1.6120012406943114,
      0.45660157686981306,
      1.8306788358420494,
      3.114908826916127,
      2.502467981813154,
      4.151724942719592,
      2.1602708163561344,
      0.5583018896618568
    ],
    [
      1.734627337499326,
      1.2986369777578335,
      1.8026253077109504,
      2.605806017338973,
      3.0707479544892644,
      0.0,
      2.7491229510518442,
      1.4100741115274755,
      2.400770293051795,
      1.393380421851836,
      2.5902358965932044,
      2.4414049233996398,
      2.885564242916799,
      0.2421672975444868,
      2.919592094796806,
      1.720431631887766,
      2.9950240399702976,
      1.4952969604730695,
      2.7151788154742222,
      2.3572630315686025,
      2.402562798346799,
      0.4944097490948171,
      2.9061290404935565,
      1.198384329003012,
      2.5330582306769025,
      1.749441053593976,
      3.0205623648585704,
      2.7384384236275974,
      1.7409322215410914,
      0.042011903075199836,
      2.8163602397420684,
      1.5090450622827674,
      0.95316577781622,
      1.7197642280266214,
      2.5710737056723985,
      2.9665301279440937,
      2.8315310346171376,
      0.8367538467195719,
      2.5732166640219005,
      1.4698006667572308,
      2.886392904647599,
      1.526802213778851,
      2.676664342049634,
      2.470622593598626,
      2.0567090217140587,
      0.8555729074719466,
      1.9826923614116236,
      1.5097009637673284,
      2.515259032386128
    ],
    [
      1.5303819784615866,
      1.9434744660015475,
      3.6716134055752656,
      1.086680265763578,
      0.47147640449973766,
      2.7491229510518442,
      0.0,
      2.366077344466998,
      0.3584034040016916,
      1.375034545020597,
      0.4947453890639108,
      1.230078452782586,
      0.14261837188805657,
      2.7392498973259087,
      0.17118703221914938,
      2.194819810371685,
      1.032094956871702,
      1.4040434466212222,
      0.21341274563624388,
      2.05080764578251,
      0.450418694105828,
      2.3786592862366818,
      0.1666763330530163,
      2.390832909259867,
      0.21992044015961768,
      1.2326869026642575,
      0.42511645463331565,
      1.3599838234332053,
      2.0362440914585846,
      2.707219976285636,
      0.15394154734833604,
      2.2010879128285636,
      3.157801767052517,
      1.0373041983911948,
      0.4509778265059167,
      1.693828798905014,
      0.21155850254716738,
      1.9641267779855758,
      0.2138621051051356,
      2.2751714221130674,
      0.3496927222576992,
      1.398457006847189,
      0.5442655601817922,
      1.947168457016496,
      3.0890433794299494,
      2.1095023109728985,
      4.019776361938559,
      2.0533991331448447,
      0.3490515721207973
    ],
    [
      0.8470566687064096,
      0.4684495703915204,
      1.312602376959603,
      1.6871016566881798,
      2.4812384004766654,
      1.4100741115274755,
      2.366077344466998,
      0.0,
      2.1207463308939145,
      1.2436985165223922,
      1.9838964186670636,
      1.470457411828034,
      2.4634142972711675,
      1.6134298869179287,
      2.5061454466969795,
      0.35638742963241615,
      3.0692842813919996,
      1.0315134511968322,
      2.2283009222275165,
      1.030849164524083,
      2.2324894176680883,
      0.9670005170629432,
      2.4742637288696607,
      0.21242410409367393,
      2.205278440469593,
      1.1380355881957294,
      2.443677965690242,
      1.6871307003311868,
      2.5420377652584154,
      1.3865850136215951,
      2.4942108972578887,
      0.18976301009416985,
      1.0363561164001494,
      1.6512256054216214,
      1.9954851540414922,
      1.7937853829262853,
      2.5356397614803248,
      0.9726664381996528,
      2.2812481232868995,
      0.10804165863221518,
      2.3244829532607896,
      1.017646303977959,
      2.0247757900567662,
      1.1808577391032338,
      0.8598238191629727,
      1.7079888758419945,
      1.6704933403039952,
      0.3210763149159405,
      2.0296967753829636
    ],
    [
      1.3162256645423684,
      1.676305461424021,
      3.4088291244942153,
      1.106042042600551,
      0.7860159031470035,
      2.400770293051795,
      0.3584034040016916,
      2.1207463308939145,
      0.0,
      1.0440828511186266,
      0.5527675822622018,
      1.1907980517283354,
      0.5006845314167392,
      2.384503512264136,
      0.5286548968845365,
      1.9911024584385402,
      1.0371060697922856,
      1.1156724429688134,
      0.42139055518604074,
      1.9530808995021172,
      0.1901630879008858,
      2.045630709585677,
      0.524106859333094,
      2.1219597074402707,
      0.1389748178628053,
      0.9859665308721185,
      0.7343738829778732,
      1.3937090801167935,
      1.723037144115007,
      2.3589906739959785,
      0.41792463435409044,
      1.9685926445052062,
      2.8513247798172694,
      0.6830732025193199,
      0.49840746382854245,
      1.7473788942298691,
      0.4414544144076484,
      1.6315406829129329,
      0.17541379649275002,
      2.037528895500625,
      0.6208010953598584,
      1.1177267107839908,
      0.6483964836425314,
      1.8762116085346023,
      2.889859858193819,
      1.7511473381757463,
      3.748715113208791,
      1.8199662084775088,
      0.342347776391201
    ],
    [
      0.723876370660073,
      0.7768841612492814,
      2.4434502245799887,
      1.3299721801601714,
      1.6773699651537821,
      1.393380421851836,
      1.375034545020597,
      1.2436985165223922,
      1.0440828511186266,
      0.0,
      1.2019970881828295,
      1.2258666322239133,
      1.506286825275983,
      1.421999296764946,
      1.5427666706278045,
      1.2586286187752125,
      1.8613167382259264,
      0.29972320564147176,
      1.3241091344749494,
      1.566970325181686,
      1.092595533580474,
      1.0037629202157252,
      1.5254209255153146,
      1.1783861845761767,
      1.1666589047360845,
      0.4868069432536886,
      1.6272000491642074,
      1.537396500581421,
      1.4661793887515948,
      1.3514140742200373,
      1.460893562173508,
      1.146111687402236,
      1.8193361426630317,
      0.42520583250938637,
      1.1799648299843513,
      1.8460509202077822,
      1.4853029993910332,
      0.5891706034757672,
      1.2194888273370936,
      1.19127368811705,
      1.4930254518929007,
      0.3413414712571556,
      1.2929752511165866,
      1.588529193940105,
      2.0937060443147217,
      0.9497536522698931,
      2.7638194586477605,
      1.0144712908702735,
      1.1224281714212272
    ],
    [
      1.1369758132871606,
      1.602258406125554,
      3.296401067831401,
      0.5949327693109528,
      0.5067593117052709,
      2.5902358965932044,
      0.4947453890639108,
      1.9838964186670636,
      0.5527675822622018,
      1.2019970881828295,
      0.0,
      0.7370427396019852,
      0.5298122308893971,
      2.6233430961275355,
      0.5720314676658973,
      1.7711874547884532,
      1.5061596860890953,
      1.1276510985229433,
      0.2898723857148177,
      1.565364174880721,
      0.7397148099098734,
      2.165488628462408,
      0.5316389752454193,
      2.0402982625096753,
      0.49270883897084755,
      0.9027568886472151,
      0.46416484140873876,
      0.8745701801456525,
      2.2204794527308738,
      2.548456199348932,
      0.6486763445663797,
      1.8069103464200988,
      2.8613348283624553,
      1.001037961318151,
      0.05457105459856914,
      1.2186242242791663,
      0.7061288834200171,
      1.7624383677167268,
      0.5710429055684001,
      1.8854527307784725,
      0.34064937986146404,
      1.1084299707243574,
      0.10610372283760793,
      1.4556325085680109,
      2.651375869242232,
      2.080189654815157,
      3.653659124767936,
      1.6637082075892995,
      0.2108506580497205
    ],
    [
      0.7201180458785907,
      1.216552506059644,
      2.7461602283916355,
      0.22110857061633796,
      1.1314861908127736,
      2.4414049233996398,
      1.230078452782586,
      1.470457411828034,
      1.1907980517283354,
      1.2258666322239133,
      0.7370427396019852,
      0.0,
      1.26274502572768,
      2.540987406501654,
      1.3038236077015943,
      1.1805291186582394,
      2.213646087340974,
      0.989002022242624,
      1.0266498916378455,
      0.837499253731011,
      1.376038516902779,
      1.9590929023402643,
      1.2618272464961275,
      1.5881665529786226,
      1.1843285017257672,
      0.7448556907213636,
      1.1094615811284319,
      0.3120656982111298,
      2.586042729732051,
      2.4026395901175026,
      1.3838428378974257,
      1.2808735300567347,
      2.463780225588313,
      1.2815728617601105,
      0.7791084648494067,
      0.6356516341519152,
      1.4404867232987604,
      1.6223578520166255,
      1.2703424735086206,
      1.36302751256165,
      1.0250043902345005,
      0.9487217716485693,
      0.7144634350335924,
      0.7190340742969002,
      2.000872309768917,
      2.173172105471631,
      3.1123407589786822,
      1.1613599786457254,
      0.9031732945564765
    ],
    [
      1.6213898359123877,
      2.0503963031570263,
      3.772833550529363,
      1.100135446206511,
      0.36056899478463195,
      2.885564242916799,
      0.14261837188805657,
      2.4634142972711675,
      0.5006845314167392,
      1.506286825275983,
      0.5298122308893971,
      1.26274502572768,
      0.0,
      2.8787556339501967,
      0.043278170016765385,
      2.2774937980157044,
      1.0751744044572495,
      1.5210687032478183,
      0.24397745797511686,
      2.094717164678802,
      0.586952297891404,
      2.5089440009693322,
      0.025238858928247978,
      2.4968271866510903,
      0.36188534095760216,
      1.3377238130496143,
      0.3214591731464506,
      1.361073106045373,
      2.169247334906741,
      2.8436209311369196,
      0.19647391684394144,
      2.2943269165487292,
      3.276796606443555,
      1.1772935063101295,
      0.49670212401398117,
      1.6816813015550838,
      0.24769537742961628,
      2.0947386471825067,
      0.35314161465338545,
      2.370000210970454,
      0.28702787321094786,
      1.5130056179670974,
      0.5528516980167462,
      1.9816975046661385,
      3.1667524374349187,
      2.251826813944625,
      4.1238615398677,
      2.1476582595934572,
      0.4337199557318061
    ],
    [
      1.852034826886363,
      1.451694527095835,
      2.0410156785287072,
      2.691902672831988,
      3.088448801583086,
      0.2421672975444868,
      2.7392498973259087,
      1.6134298869179287,
      2.384503512264136,
      1.421999296764946,
      2.6233430961275355,
      2.540987406501654,
      2.8787556339501967,
      0.0,
      2.910433816461045,
      1.9075009829617393,
      2.9010760072773003,
      1.5679005070475616,
      2.7240978323107266,
      2.524897225631174,
      2.3671436373824046,
      0.6586000303674455,
      2.900471858163771,
      1.4042791745233565,
      2.520334303222491,
      1.8234969152702183,
      3.0371871855386194,
      2.8449411241711138,
      1.5556349186104046,
      0.24523050381223,
      2.794183243812045,
      1.6971841385070747,
      1.1912220615821383,
      1.7020229140643206,
      2.599540151642209,
      3.0924297890170442,
      2.804444508276104,
      0.918644653824318,
      2.5530007833919677,
      1.6648618561310127,
      2.903617915635596,
      1.6035959590869517,
      2.714974217188812,
      2.628331980553446,
      2.290135585505802,
      0.7234984450570714,
      2.211146309044248,
      1.6828648192888223,
      2.5301993992569045
    ],
    [
      1.6643923816215938,
      2.0922609779852994,
      3.8153374686913346,
      1.1392106916633113,
      0.37094069606879226,
      2.919592094796806,
      0.17118703221914938,
      2.5061454466969795,
      0.5286548968845365,
      1.5427666706278045,
      0.5720314676658973,
      1.3038236077015943,
      0.043278170016765385,
      2.910433816461045,
      0.0,
      2.3207500942583197,
      1.0517837230153355,
      1.5613779170975877,
      0.2870853531617387,
      2.136498303299116,
      0.6034119654100336,
      2.5459051435589664,
      0.04368065933568391,
      2.538832999627979,
      0.390755678141726,
      1.3796702504584206,
      0.3362930269868823,
      1.3981090801507585,
      2.1805561217267484,
      2.8776728445047404,
      0.18920095137181503,
      2.3372772621150455,
      3.3169131734189246,
      1.2084903805988692,
      0.5395572258806298,
      1.716203076561746,
      0.23389313799254552,
      2.131543337584296,
      0.3737833597152237,
      2.412873805237232,
      0.3171655719021222,
      1.5537416130103485,
      0.5925959837865931,
      2.022656174439937,
      3.2100246104975585,
      2.2790930213574,
      4.166126378303952,
      2.1905490179404796,
      0.47647245460781923
    ],
    [
      0.6748933249040174,
      0.5393041813299803,
      1.5656439569710607,
      1.4013208055259865,
      2.25127963611809,
      1.720431631887766,
      2.194819810371685,
      0.35638742963241615,
      1.9911024584385402,
      1.2586286187752125,
      1.7711874547884532,
      1.1805291186582394,
      2.2774937980157044,
      1.9075009829617393,
      2.3207500942583197,
      0.0,
      2.9878932377178407,
      0.9908905085830619,
      2.035763493139613,
      0.6749236993912713,
      2.125807376033868,
      1.2494710881008815,
      2.2853500825912856,
      0.5525214927946247,
      2.0573412453941615,
      1.015281734298416,
      2.2182646370530272,
      1.3665467427058613,
      2.664012011984931,
      1.6930806241877558,
      2.3332423791796684,
      0.21140009460735817,
      1.3889456432848628,
      1.6235473507107823,
      1.790798983694149,
      1.4469174129852742,
      2.3797556597264347,
      1.1530637449855057,
      2.1387765194147796,
      0.26293155002775925,
      2.107543831098181,
      0.9634106082039997,
      1.797150244136533,
      0.8249078736440814,
      0.8988843084624409,
      1.8976643538834788,
      1.9319834367820035,
      0.26239283526803864,
      1.8483930858992086
    ],
    [
      2.3184341698655153,
      2.604808822159508,
      4.3047612012747,
      2.099377526792168,
      1.4138493554831082,
      2.9950240399702976,
      1.032094956871702,
      3.0692842813919996,
      1.0371060697922856,
      1.8613167382259264,
      1.5061596860890953,
      2.213646087340974,
      1.0751744044572495,
      2.9010760072773003,
      1.0517837230153355,
      2.9878932377178407,
      0.0,
      2.037771822358922,
      1.2438508753062003,
      2.990186616249896,
      0.8720693779740238,
      2.7654005134880557,
      1.091672569958594,
      3.0323512329543885,
      1.0294819085345794,
      1.9728661890761883,
      1.3854818656337584,
      2.3807242595479217,
      1.6606751639017183,
      2.9567583600964085,
      0.8900393249739027,
      2.937106058691106,
      3.64689511776799,
      1.4362799170078235,
      1.4553683382566773,
      2.721735475758069,
      0.8326253659359656,
      2.3817560748321815,
      0.943998411015612,
      2.998228310185867,
      1.3603032750089228,
      2.0529671210226432,
      1.5711413049118148,
      2.9111037425691313,
      3.8802300189550625,
      2.1808007703593653,
      4.622724088673258,
      2.790837150390542,
      1.3146045032632443
    ],
    [
      0.42431709840636844,
      0.5693197695495913,
      2.295853000520721,
      1.1253461689631328,
      1.629317648587899,
      1.4952969604730695,
      1.4040434466212222,
      1.0315134511968322,
      1.1156724429688134,
      0.29972320564147176,
      1.1276510985229433,
      0.989002022242624,
      1.5210687032478183,
      1.5679005070475616,
      1.5613779170975877,
      0.9908905085830619,
      2.037771822358922,
      0.0,
      1.3087341212026222,
      1.2673318428888303,
      1.209180300865012,
      1.044495093334574,
      1.5366108811276846,
      1.0093205635475775,
      1.2173450620099464,
      0.2557049080483205,
      1.5828107909665006,
      1.2998499913451549,
      1.7658742877113307,
      1.4545384147556917,
      1.514317007762906,
      0.905981236008782,
      1.7558524994998868,
      0.6339668761063155,
      1.1188230423082994,
      1.587519448699763,
      1.548656514531224,
      0.6588019429236678,
      1.2851400701869038,
      0.9626468719109821,
      1.4508511295098476,
      0.04390899680019987,
      1.2030598488853332,
      1.2920081269094246,
      1.856912760470992,
      1.198299628640517,
      2.6333021095195286,
      0.7640170155173243,
      1.101116251809953
    ],
    [
      1.3837485320678753,
      1.8236255098018344,
      3.5394940316378554,
      0.8756443341905431,
      0.37529321869706106,
      2.7151788154742222,
      0.21341274563624388,
      2.2283009222275165,
      0.42139055518604074,
      1.3241091344749494,
      0.2898723857148177,
      1.0266498916378455,
      0.24397745797511686,
      2.7240978323107266,
      0.2870853531617387,
      2.035763493139613,
      1.2438508753062003,
      1.3087341212026222,
      0.0,
      1.854725047008316,
      0.574811273375879,
      2.319078480776362,
      0.24980392310770422,
      2.268404946212206,
      0.30363794229312,
      1.1115844547311733,
      0.3227398333023053,
      1.1470244112485137,
      2.1443201719892477,
      2.6731675966912363,
      0.36501643798601746,
      2.0569543018744976,
      3.0628681003268814,
      1.037875233349365,
      0.25331403435261984,
      1.4804786388192168,
      0.423494982260711,
      1.9071667467738627,
      0.3542654372077528,
      2.1334446325133443,
      0.20024984394500822,
      1.2971125625788993,
      0.33105890714493674,
      1.745422584934663,
      2.923610097123076,
      2.1283911764522987,
      3.892560725280981,
      1.9110104656960931,
      0.20762466134830898
    ],
    [
      0.8431043826241208,
      1.0773137890141387,
      2.106652557969633,
      1.0338868410034054,
      1.9646867434784614,
      2.3572630315686025,
      2.05080764578251,
      1.030849164524083,
      1.9530808995021172,
      1.566970325181686,
      1.565364174880721,
      0.837499253731011,
      2.094717164678802,
      2.524897225631174,
      2.136498303299116,
      0.6749236993912713,
      2.990186616249896,
      1.2673318428888303,
      1.854725047008316,
      0.0,
      2.1241019278744604,
      1.8699518710383962,
      2.0951899675208447,
      1.225215899341826,
      1.9749513918068973,
      1.1451746591677616,
      1.9449812338426302,
      0.8769264507357506,
      3.033134682139914,
      2.326453953982326,
      2.203011121170295,
      0.8743454694798842,
      2.055763605086927,
      1.8160275328309314,
      1.6027354741191693,
      0.8342397736861987,
      2.2578239523931,
      1.6812644051427479,
      2.0618372874696007,
      0.9366178516342719,
      1.8624932214641752,
      1.2257381449559284,
      1.5509213390755836,
      0.17551353224181923,
      1.2492946009648802,
      2.391291701152329,
      2.470865840145919,
      0.8479740562069098,
      1.7100786531618948
    ],
    [
      1.4526665136912875,
      1.7774931786085706,
      3.503704610836935,
      1.2958383386827228,
      0.9151398800183497,
      2.402562798346799,
      0.450418694105828,
      2.2324894176680883,
      0.1901630879008858,
      1.092595533580474,
      0.7397148099098734,
      1.376038516902779,
      0.586952297891404,
      2.3671436373824046,
      0.6034119654100336,
      2.125807376033868,
      0.8720693779740238,
      1.209180300865012,
      0.574811273375879,
      2.1241019278744604,
      0.0,
      2.077958854260594,
      0.6121192694238595,
      2.2181508064151094,
      0.27133005731027976,
      1.1116492252504837,
      0.8658666179037039,
      1.5835595978680432,
      1.5864327908865221,
      2.3612685150147583,
      0.44432533126077783,
      2.08885447075664,
      2.9118126656775156,
      0.6912633362185499,
      0.6851685923916828,
      1.937453225241838,
      0.44283179650969007,
      1.6680722406418733,
      0.23720033726788767,
      2.1543839026505927,
      0.7665115785165935,
      1.217371348438922,
      0.8323893319835373,
      2.053306601557595,
      3.022383165649253,
      1.7041798613996122,
      3.836817561469401,
      1.9408897444213566,
      0.5288667128870937
    ],
    [
      1.2461400402843976,
      0.8047639405440578,
      1.6786997944838138,
      2.1313136794005714,
      2.6598439803868197,
      0.4944097490948171,
      2.3786592862366818,
      0.9670005170629432,
      2.045630709585677,
      1.0037629202157252,
      2.165488628462408,
      1.9590929023402643,
      2.5089440009693322,
      0.6586000303674455,
      2.5459051435589664,
      1.2494710881008815,
      2.7654005134880557,
      1.044495093334574,
      2.319078480776362,
      1.8699518710383962,
      2.077958854260594,
      0.0,
      2.5276386213222803,
      0.7640065444745873,
      2.170115434717702,
      1.2920468257768372,
      2.611416473870072,
      2.2518348074403685,
      1.7731762461752074,
      0.4601086828130936,
      2.4632665304428594,
      1.0396999567182836,
      0.9008640296959356,
      1.3873211596454518,
      2.1520113847282496,
      2.473372596274164,
      2.485790216410065,
      0.4145961890804115,
      2.2209432680732752,
      1.0107131145879131,
      2.4777459514647586,
      1.0708622693885526,
      2.2451558965915934,
      1.9790212227260224,
      1.7119231875291603,
      0.855712568564936,
      1.9362112488052534,
      1.02521997639531,
      2.1138384517270947
    ],
    [
      1.6312357279069136,
      2.0634456619935495,
      3.784323981902183,
      1.0960588487850451,
      0.3381789467131267,
      2.9061290404935565,
      0.1666763330530163,
      2.4742637288696607,
      0.524106859333094,
      1.5254209255153146,
      0.5316389752454193,
      1.2618272464961275,
      0.025238858928247978,
      2.900471858163771,
      0.04368065933568391,
      2.2853500825912856,
      1.091672569958594,
      1.5366108811276846,
      0.24980392310770422,
      2.0951899675208447,
      0.6121192694238595,
      2.5276386213222803,
      0.0,
      2.5095579291978893,
      0.3851882656571977,
      1.3506983378978443,
      0.30046796834271644,
      1.3544921557543248,
      2.1944787535995873,
      2.864174051973797,
      0.2182956710519017,
      2.304353488508219,
      3.2924551629445156,
      1.1993452380361538,
      0.5006815355093496,
      1.6725803418670206,
      0.2676751762864838,
      2.1135763530092775,
      0.3780608416644075,
      2.380340311804175,
      0.2741422988157789,
      1.5279793846776852,
      0.549823608078081,
      1.9805155894362454,
      3.173393451811483,
      2.275143292190626,
      4.135957567480594,
      2.1579446239419577,
      0.4451179618932488
    ],
    [
      0.9140552499712475,
      0.44751871469246945,
      1.286978243794354,
      1.798671732140137,
      2.544403269924011,
      1.198384329003012,
      2.390832909259867,
      0.21242410409367393,
      2.1219597074402707,
      1.1783861845761767,
      2.0402982625096753,
      1.5881665529786226,
      2.4968271866510903,
      1.4042791745233565,
      2.538832999627979,
      0.5525214927946247,
      3.0323512329543885,
      1.0093205635475775,
      2.268404946212206,
      1.225215899341826,
      2.2181508064151094,
      0.7640065444745873,
      2.5095579291978893,
      0.0,
      2.2168872321342823,
      1.159184627227259,
      2.5039732426685393,
      1.826803218740322,
      2.397331850203471,
      1.175453104126234,
      2.5110993608377985,
      0.3529334214834296,
      0.8791188770581598,
      1.599210430181094,
      2.0463980551202634,
      1.9605473725467588,
      2.5488925045988107,
      0.8209579770000406,
      2.288534247067323,
      0.2896014502726121,
      2.379989285690169,
      1.004390362359178,
      2.090750343776129,
      1.367640669181785,
      0.9940508035306852,
      1.5372735605610341,
      1.629375340429577,
      0.4320208328310109,
      2.064851810663419
    ],
    [
      1.384637136581278,
      1.7696988444365331,
      3.5022350006817073,
      1.0755245231978674,
      0.655064118999049,
      2.5330582306769025,
      0.21992044015961768,
      2.205278440469593,
      0.1389748178628053,
      1.1666589047360845,
      0.49270883897084755,
      1.1843285017257672,
      0.36188534095760216,
      2.520334303222491,
      0.390755678141726,
      2.0573412453941615,
      1.0294819085345794,
      1.2173450620099464,
      0.30363794229312,
      1.9749513918068973,
      0.27133005731027976,
      2.170115434717702,
      0.3851882656571977,
      2.2168872321342823,
      0.0,
      1.067243177537341,
      0.6042160209726317,
      1.3606017051290211,
      1.8468039960970406,
      2.491207939935966,
      0.2976927946726292,
      2.0472266606314022,
      2.9637457718232176,
      0.8183232857495865,
      0.43889406466709086,
      1.7090011702746144,
      0.3320240955111538,
      1.7555754042478493,
      0.08692525524840292,
      2.118549031766789,
      0.4978031739553299,
      1.2157586109092542,
      0.5762117666275135,
      1.8869594590239616,
      2.955721908434554,
      1.8899748675577674,
      3.845878443216842,
      1.8986724309369427,
      0.2884441020371194
    ],
    [
      0.34908451698693227,
      0.7127482023828612,
      2.4391084436736303,
      0.8711469451246442,
      1.409109293135206,
      1.749441053593976,
      1.2326869026642575,
      1.1380355881957294,
      0.9859665308721185,
      0.4868069432536886,
      0.9027568886472151,
      0.7448556907213636,
      1.3377238130496143,
      1.8234969152702183,
      1.3796702504584206,
      1.015281734298416,
      1.9728661890761883,
      0.2557049080483205,
      1.1115844547311733,
      1.1451746591677616,
      1.1116492252504837,
      1.2920468257768372,
      1.3506983378978443,
      1.159184627227259,
      1.067243177537341,
      0.0,
      1.3649457864691914,
      1.0569034960676396,
      1.9170135628106546,
      1.7088630723378633,
      1.3571193757367113,
      0.9826418472668464,
      1.9593542303524394,
      0.6716703060281884,
      0.9008196267844074,
      1.3594929201728119,
      1.3977925454086524,
      0.913610967534869,
      1.1436380546309224,
      1.052225261053924,
      1.2359676371167656,
      0.22268587741480156,
      0.9696452959716767,
      1.1386483214759506,
      1.9107621516033857,
      1.4290769748337566,
      2.7873308020398295,
      0.8340053956659988,
      0.9065450898879768
    ],
    [
      1.5977900362688457,
      2.066423238351718,
      3.755429802299598,
      0.9147119765259443,
      0.05255473337388405,
      3.0205623648585704,
      0.42511645463331565,
      2.443677965690242,
      0.7343738829778732,
      1.6272000491642074,
      0.46416484140873876,
      1.1094615811284319,
      0.3214591731464506,
      3.0371871855386194,
      0.3362930269868823,
      2.2182646370530272,
      1.3854818656337584,
      1.5828107909665006,
      0.3227398333023053,
      1.9449812338426302,
      0.8658666179037039,
      2.611416473870072,
      0.30046796834271644,
      2.5039732426685393,
      0.6042160209726317,
      1.3649457864691914,
      0.0,
      1.1422364028518788,
      2.4502461100877184,
      2.9785882562046067,
      0.517928566503142,
      2.264496412008639,
      3.324246079940533,
      1.3588009420073266,
      0.4647633806572978,
      1.4341394632322204,
      0.5681241061599126,
      2.2030111211702943,
      0.6300991985394045,
      2.343872223479769,
      0.13418271125595818,
      1.5661296242648621,
      0.42124695844599236,
      1.8139793273353477,
      3.085794063122165,
      2.450035918104059,
      4.114108651943942,
      2.1228857717738836,
      0.5069960552114777
    ],
    [
      1.0059448295011015,
      1.4872071140227916,
      2.918833499876278,
      0.2877672670753224,
      1.1504616464706678,
      2.7384384236275974,
      1.3599838234332053,
      1.6871307003311868,
      1.3937090801167935,
      1.537396500581421,
      0.8745701801456525,
      0.3120656982111298,
      1.361073106045373,
      2.8449411241711138,
      1.3981090801507585,
      1.3665467427058613,
      2.3807242595479217,
      1.2998499913451549,
      1.1470244112485137,
      0.8769264507357506,
      1.5835595978680432,
      2.2518348074403685,
      1.3544921557543248,
      1.826803218740322,
      1.3606017051290211,
      1.0569034960676396,
      1.1422364028518788,
      0.0,
      2.8787653603584986,
      2.70029702069976,
      1.5119556871813407,
      1.4984818984559007,
      2.7059083502587447,
      1.573349293704357,
      0.9257845321671769,
      0.356544527373511,
      1.570497055075239,
      1.9266162046448168,
      1.4424704503039223,
      1.5791823833870486,
      1.0903086718906714,
      1.2591147683988144,
      0.8160153184836667,
      0.7174015611914992,
      2.113241349207421,
      2.4851599546105683,
      3.2861506356221715,
      1.3948433603813726,
      1.0721664982641452
    ],
    [
      2.190030365086292,
      2.1303560735238602,
      3.44817995470074,
      2.618155839517579,
      2.500343176445985,
      1.7409322215410914,
      2.0362440914585846,
      2.5420377652584154,
      1.723037144115007,
      1.4661793887515948,
      2.2204794527308738,
      2.586042729732051,
      2.169247334906741,
      1.5556349186104046,
      2.1805561217267484,
      2.664012011984931,
      1.6606751639017183,
      1.7658742877113307,
      2.1443201719892477,
      3.033134682139914,
      1.5864327908865221,
      1.7731762461752074,
      2.1944787535995873,
      2.397331850203471,
      1.8468039960970406,
      1.9170135628106546,
      2.4502461100877184,
      2.8787653603584986,
      0.0,
      1.7152661601046064,
      2.002563357299838,
      2.5071964422438064,
      2.6329090375476323,
      1.3055581182007945,
      2.1721438718464294,
      3.2213540631231457,
      1.9799770200686668,
      1.5764225321911636,
      1.8236263323389463,
      2.527125837784893,
      2.342988903089385,
      1.8074069823921777,
      2.3261309077521837,
      3.0495129119254436,
      3.3904160511654022,
      0.923823576230873,
      3.6832007819286745,
      2.4032548762043526,
      2.032070126742677
    ],
    [
      1.6970742470499045,
      1.2648624431138746,
      1.8115079353952601,
      2.5661492552071095,
      3.0287835842133064,
      0.042011903075199836,
      2.707219976285636,
      1.3865850136215951,
      2.3589906739959785,
      1.3514140742200373,
      2.548456199348932,
      2.4026395901175026,
      2.8436209311369196,
      0.24523050381223,
      2.8776728445047404,
      1.6930806241877558,
      2.9567583600964085,
      1.4545384147556917,
      2.6731675966912363,
      2.326453953982326,
      2.3612685150147583,
      0.4601086828130936,
      2.864174051973797,
      1.175453104126234,
      2.491207939935966,
      1.7088630723378633,
      2.9785882562046067,
      2.70029702069976,
      1.7152661601046064,
      0.0,
      2.7746614207863276,
      1.4817840598413794,
      0.9632029900285811,
      1.6781179934676829,
      2.5292143048780975,
      2.9302641519153183,
      2.7899442646762678,
      0.7958555145250933,
      2.5314977779962597,
      1.4441457682657939,
      2.844419976023232,
      1.4862604078693615,
      2.6350000000000007,
      2.4382585999028077,
      2.045847746045634,
      0.8235338487275435,
      1.9983157908598927,
      1.4793998783290474,
      2.4732628246913024
    ],
    [
      1.6648390312579775,
      2.0636426531742362,
      3.7951807598584817,
      1.240016128927362,
      0.5564746175702895,
      2.8163602397420684,
      0.15394154734833604,
      2.4942108972578887,
      0.41792463435409044,
      1.460893562173508,
      0.6486763445663797,
      1.3838428378974257,
      0.19647391684394144,
      2.794183243812045,
      0.18920095137181503,
      2.3332423791796684,
      0.8900393249739027,
      1.514317007762906,
      0.36501643798601746,
      2.203011121170295,
      0.44432533126077783,
      2.4632665304428594,
      0.2182956710519017,
      2.5110993608377985,
      0.2976927946726292,
      1.3571193757367113,
      0.517928566503142,
      1.5119556871813407,
      2.002563357299838,
      2.7746614207863276,
      0.0,
      2.3326264167242905,
      3.2613938737907757,
      1.0967816555723386,
      0.6047420937887497,
      1.8433279686480109,
      0.0586941223633165,
      2.0490153732951835,
      0.24338652386687365,
      2.4054107757304153,
      0.4723187483045747,
      1.5119060817392065,
      0.695940371008896,
      2.100594439676541,
      3.229431064444634,
      2.143979943936044,
      4.14043137849186,
      2.1844143379862713,
      0.49627109526951124
    ],
    [
      0.6732079916340866,
      0.380311714255557,
      1.4912762990137003,
      1.4978417806964797,
      2.3010975642071334,
      1.5090450622827674,
      2.2010879128285636,
      0.18976301009416985,
      1.9685926445052062,
      1.146111687402236,
      1.8069103464200988,
      1.2808735300567347,
      2.2943269165487292,
      1.6971841385070747,
      2.3372772621150455,
      0.21140009460735817,
      2.937106058691106,
      0.905981236008782,
      2.0569543018744976,
      0.8743454694798842,
      2.08885447075664,
      1.0396999567182836,
      2.304353488508219,
      0.3529334214834296,
      2.0472266606314022,
      0.9826418472668464,
      2.264496412008639,
