{
  "activeRoutes": [],
  "benchmarkFamily": "synthetic-food",
  "capacity": 4,
  "constraints": {
    "capacity": 4,
    "pickupDelivery": true,
    "timeWindows": true
  },
  "depotNodeId": "0",
  "distanceMatrix": [
    [
      0.0,
      0.30714817271147776,
      1.2350291494535666,
      0.4648440598738466,
      1.7223208179662695,
      2.0102489895532845,
      2.556531439274706,
      1.074980930063413,
      2.3730084281350545,
      1.0005403540087725,
      1.2549581666334542,
      0.7643350050861208,
      1.6157140836175197,
      1.6386384592093521,
      2.719991176456277,
      0.7891425726698563,
      1.4748457546469051,
      0.6700358199380088,
      0.2502418829852433,
      0.28057262874343264,
      1.805959578728162,
      1.642968045946116,
      1.7913062273101152,
      0.5822319125571869,
      0.4306332546378647,
      0.9322767829351969,
      1.8410630081558856,
      0.5576280122088559,
      2.3666062198853446,
      1.7755846924323269,
      0.46608261070329576,
      0.9507938788191691,
      1.1433879481610778,
      0.40167773152117847,
      1.2869537676233749,
      0.33984849565652087,
      1.7590139283132464,
      1.8103715088345818,
      1.3010384314077732,
      1.2309809096813809,
      1.6958505240733923,
      0.9956610869166272,
      1.0098366204490703,
      0.9105437935651418,
      1.2860797020402737,
      1.5798446126122654,
      1.8605488437555193,
      0.6539915901599958,
      1.3538160879528651
    ],
    [
      0.30714817271147776,
      0.0,
      0.9414483522743033,
      0.659918176746178,
      1.945863561506818,
      1.7474361218654035,
      2.8176012847810807,
      0.8076063397472811,
      2.1992119042966283,
      0.8858154435321162,
      1.5384732691860459,
      1.0669751637221927,
      1.5384693692108402,
      1.4394179379179628,
      3.0126539794672733,
      0.4887228253314962,
      1.754870365582597,
      0.5268548187119482,
      0.07340980860893126,
      0.5099107765089885,
      1.4990830530694426,
      1.3789459742861572,
      2.0291362694506243,
      0.2894581144138129,
      0.6746858528233713,
      0.9617692030835671,
      1.640856178950489,
      0.8646878049330864,
      2.62647082603253,
      1.4927387581221307,
      0.6643530687819539,
      0.7862906587261489,
      1.2053895635851504,
      0.3953795644693842,
      1.5939040121663532,
      0.6459729096486941,
      1.9791538596076852,
      1.5773753516522313,
      1.489400214851602,
      0.9462061086253886,
      1.7571468350709907,
      1.0728340971464316,
      1.240191114304565,
      1.0282266287156734,
      1.535329606306085,
      1.3146942610356218,
      1.7652450254851306,
      0.483864650496397,
      1.1480357137301958
    ],
    [
      1.2350291494535666,
      0.9414483522743033,
      0.0,
      1.5786478391332248,
      2.5530726585822032,
      0.8647230770599338,
      3.747326780519681,
      0.8045974148603762,
      1.5844090380959084,
      0.8785897791347225,
      2.3395343553792927,
      1.9986157709775036,
      1.363865462573197,
      0.8499088186387996,
      3.953185171478817,
      0.6092002954693969,
      2.535840886175629,
      0.7857894119928064,
      0.9861085132986123,
      1.4475392913492884,
      0.7225406562955469,
      0.5202547452931108,
      2.6712762867213864,
      0.6539548914107153,
      1.6114118033575404,
      1.2867730957709675,
      1.0029566291719694,
      1.7825627618684288,
      3.3107485558405068,
      0.562858774471892,
      1.5843231993504354,
      1.1871192021022996,
      1.5197911040666083,
      1.033256986426901,
      2.50683804821931,
      1.5565455341878056,
      2.5745650118029646,
      0.8198780397107853,
      2.0494965235393785,
      0.7211081749640613,
      1.9467845283954772,
      1.4640443982338789,
      1.930269670279259,
      1.8532147743853111,
      2.2420561991172296,
      0.4600456499087887,
      1.479771941888344,
      1.0596452236479912,
      0.6378440248211154
    ],
    [
      0.4648440598738466,
      0.659918176746178,
      1.5786478391332248,
      0.0,
      1.9362285505590506,
      2.4050623692536544,
      2.168702146446118,
      1.1772306485986506,
      2.82990052828717,
      1.4644510917063773,
      1.3322372161143081,
      0.6055212630453208,
      2.0785350610466025,
      2.084310917305765,
      2.416377453958715,
      1.0236884291619197,
      1.5512246774726093,
      1.1264262070814937,
      0.6434570692750222,
      0.18627130750601406,
      2.0382840822613515,
      2.0368524737938185,
      1.9728360296791014,
      0.9433186100146649,
      0.1258769240170741,
      1.3740931555029308,
      2.286783111709547,
      0.5349214895664599,
      2.4757917925382986,
      2.13873724426354,
      0.008062257748298598,
      0.8767536712212842,
      1.5628410027894715,
      0.86635847084218,
      1.1426854335292809,
      0.47539562471693053,
      1.9781107147983403,
      2.2356039452461163,
      1.59322471735785,
      1.3665467427058613,
      2.102983832557921,
      1.4112140163703026,
      1.2533674640742838,
      0.46643541889526297,
      1.466740945088805,
      1.9724008213342437,
      2.3247610629912057,
      0.6733862190452067,
      1.7952676680651274
    ],
    [
      1.7223208179662695,
      1.945863561506818,
      2.5530726585822032,
      1.9362285505590506,
      0.0,
      2.956192483584247,
      2.830518327091348,
      2.7507128167076984,
      2.702242772217182,
      1.7316685595113166,
      0.7208168976931665,
      1.4724635818926053,
      1.751754834444592,
      2.3347421699194104,
      2.540172631928783,
      2.39834213572626,
      0.6085992113041231,
      1.7760937475257321,
      1.8728016445956044,
      1.8215339689393666,
      3.265710489311629,
      2.6780016803579487,
      0.15220052562327147,
      2.083408985293094,
      1.8125175861215799,
      1.2852256611194783,
      2.4704270885820527,
      1.4150088338946867,
      0.7809660684050241,
      2.9064249517233365,
      1.9302486886409225,
      2.672432599711357,
      1.1035945813567585,
      1.6087883639559302,
      1.3089801373588528,
      1.4792842864033942,
      0.045880278987817436,
      2.624326961336944,
      0.5046028141023394,
      2.8707582622018175,
      1.0803008840133377,
      1.1067944705319046,
      0.7124977192945954,
      2.344577787150599,
      0.47372988083928197,
      2.6374188139163635,
      1.9532447363297816,
      2.3758695250370967,
      2.198114874159219
    ],
    [
      2.0102489895532845,
      1.7474361218654035,
      0.8647230770599338,
      2.4050623692536544,
      2.956192483584247,
      0.0,
      4.562934143728134,
      1.6295217089686167,
      0.9641296593301135,
      1.2598071280954084,
      2.929385089058795,
      2.7497296230720583,
      1.3300680433722178,
      0.6402725981954875,
      4.711938560719993,
      1.4737153727908254,
      3.0953205003682576,
      1.4052021206929632,
      1.7758783742137294,
      2.2556471355245264,
      1.0392271166592988,
      0.3685172994582485,
      3.095746275133025,
      1.4617540832848737,
      2.4201607384634602,
      1.6990211888025408,
      0.5859180830116099,
      2.5194570843735367,
      3.737158546275499,
      0.3502913073429027,
      2.4099398332738518,
      2.0408003332026388,
      1.8526329911776915,
      1.7088177199455774,
      3.2134998055080075,
      2.2960923326382154,
      2.96565894869926,
      0.34791090813597686,
      2.4665056253736783,
      1.4976398098341266,
      2.079327775989154,
      1.8676188047886007,
      2.462325932934143,
      2.7113009792348763,
      2.7564908851654124,
      0.43275859321335297,
      1.2852707885889263,
      1.9240296255515408,
      0.7710207519905024
    ],
    [
      2.556531439274706,
      2.8176012847810807,
      3.747326780519681,
      2.168702146446118,
      2.830518327091348,
      4.562934143728134,
      0.0,
      3.2473319817967483,
      4.86300010281719,
      3.4831436949973793,
      2.1866286836132005,
      1.8694226381425894,
      3.97298187763297,
      4.174087325392223,
      0.7047247689701284,
      3.1797366243134033,
      2.2269640769442147,
      3.205333212007762,
      2.787055794202908,
      2.3079774695607407,
      4.158232436985696,
      4.194571372619614,
      2.739057684679167,
      3.1061044734522367,
      2.1432466027034778,
      3.2095259774614697,
      4.374029263733839,
      2.1035360705250574,
      2.7470147433168246,
      4.306683178502919,
      2.163003929723661,
      2.834729263968607,
      3.2727152335637144,
      2.902688753552471,
      1.602427221436281,
      2.3066252404757903,
      2.871981371805883,
      4.364543733312796,
      2.8867521542383923,
      3.4444977863253157,
      3.655265243453613,
      3.142057924354673,
      2.5881856579465086,
      1.9843933581827973,
      2.506547027286741,
      4.130685173188583,
      4.231121955226533,
      2.7697267013191023,
      3.898584486707964
    ],
    [
      1.074980930063413,
      0.8076063397472811,
      0.8045974148603762,
      1.1772306485986506,
      2.7507128167076984,
      1.6295217089686167,
      3.2473319817967483,
      0.0,
      2.3853354061850514,
      1.4004888432258218,
      2.329939054996933,
      1.7480732250108977,
      2.0209235512507644,
      1.6324166134905638,
      3.574319515656092,
      0.38127417956111337,
      2.5496293848322344,
      1.1093151040168887,
      0.8810158908896025,
      1.1350281934824349,
      0.9176589780523047,
      1.3155865611961834,
      2.836405119160519,
      0.7071195089940596,
      1.2657223234185297,
      1.6592492278135917,
      1.8000469438322988,
      1.5924638143455567,
      3.432507101230819,
      1.2887315469095963,
      1.1849932489259165,
      0.4422951503238533,
      1.9151459474410821,
      1.1568374993922013,
      2.295036818876769,
      1.4011227640717288,
      2.7830088034355907,
      1.624346330066344,
      2.2837996847359445,
      0.19722575896672354,
      2.437921450744466,
      1.8051872479053248,
      2.047498473747905,
      1.265076282284985,
      2.3425424222412707,
      1.2591318437717314,
      2.1894022015152905,
      0.5042786927880262,
      1.378829213499627
    ],
    [
      2.3730084281350545,
      2.1992119042966283,
      1.5844090380959084,
      2.82990052828717,
      2.702242772217182,
      0.9641296593301135,
      4.86300010281719,
      2.3853354061850514,
      0.0,
      1.3860678194085605,
      2.9128098118483474,
      2.993617377020651,
      0.9670661818097042,
      0.7737241110370032,
      4.874105558971821,
      2.118085220192994,
      3.023015878224923,
      1.7039556919122052,
      2.196076956757208,
      2.651556901143176,
      1.982360461671893,
      1.1126153872745073,
      2.8538586159794255,
      1.9645337869326664,
      2.802771485512153,
      1.6793787541826293,
      0.5873959482325367,
      2.7600699266504107,
      3.4502753513306734,
      1.2641969783226032,
      2.8324095749026132,
      2.7312451372954434,
      1.7002790947370967,
      1.9853029995444027,
      3.34703286509111,
      2.5652153905666486,
      2.6966633086093634,
      0.7815727733231248,
      2.2881861812361337,
      2.30208014630247,
      1.6497593763940246,
      1.7906719409205032,
      2.423972978397243,
      3.2274096424222325,
      2.659278097529478,
      1.1551354898885244,
      0.7491041316132226,
      2.533351929756307,
      1.0616991099176833
    ],
    [
      1.0005403540087725,
      0.8858154435321162,
      0.8785897791347225,
      1.4644510917063773,
      1.7316685595113166,
      1.2598071280954084,
      3.4831436949973793,
      1.4004888432258218,
      1.3860678194085605,
      0.0,
      1.674229673611121,
      1.6151609826887228,
      0.6574077882106361,
      0.7131795005466717,
      3.5365068924010314,
      1.029114668052108,
      1.8357758577778494,
      0.3590891254271006,
      0.8614232409216732,
      1.2811127975318957,
      1.598814873586057,
      0.9512859717245913,
      1.8630010735369957,
      0.7426068946623108,
      1.4254627318874384,
      0.4482510457321874,
      0.9036249221884045,
      1.38011086511193,
      2.5080127591381984,
      1.1750957407802993,
      1.4660586618549747,
      1.5891645603901445,
      0.6512488003827722,
      0.6033274401185478,
      2.0117407884715166,
      1.1799432189728454,
      1.7471259256275713,
      0.962018710836749,
      1.2300260159850274,
      1.4272368408922183,
      1.0774906032072855,
      0.6251351853799304,
      1.2026524851344211,
      1.8912823691876364,
      1.4977155938294822,
      0.9074634978884826,
      0.8794799599763489,
      1.3198605986997265,
      0.48929030237682053
    ],
    [
      1.2549581666334542,
      1.5384732691860459,
      2.3395343553792927,
      1.3322372161143081,
      0.7208168976931665,
      2.929385089058795,
      2.1866286836132005,
      2.329939054996933,
      2.9128098118483474,
      1.674229673611121,
      0.0,
      0.7894757754358268,
      1.952603390348384,
      2.373057100029412,
      2.011568542207796,
      2.025788241648174,
      0.22246348014898937,
      1.5683787807796945,
      1.4674552804089132,
      1.261302897800525,
      3.0015412707474143,
      2.59861655501538,
      0.697213023401026,
      1.7534679922941283,
      1.2066619244842356,
      1.2621014222319862,
      2.5467981859582047,
      0.7985342822947558,
      1.1437993705191483,
      2.7959086179630415,
      1.3251222585105122,
      2.157623924598539,
      1.2143805005022112,
      1.3080386079928987,
      0.6043922567339853,
      0.9394620801288361,
      0.7666615941861182,
      2.635490276969354,
      0.7093215067936406,
      2.4824926988815097,
      1.4890859612527414,
      1.1258494570767446,
      0.48965498057305706,
      1.689215794385075,
      0.3199203025755014,
      2.5459035724080366,
      2.1975044937382955,
      1.88529175460988,
      2.16236028450395
    ],
    [
      0.7643350050861208,
      1.0669751637221927,
      1.9986157709775036,
      0.6055212630453208,
      1.4724635818926053,
      2.7497296230720583,
      1.8694226381425894,
      1.7480732250108977,
      2.993617377020651,
      1.6151609826887228,
      0.7894757754358268,
      0.0,
      2.118185072178539,
      2.3136810497559943,
      1.9635478094510457,
      1.5273565399080857,
      0.9942283439934709,
      1.355912976558599,
      1.0144579833586018,
      0.6134696406506197,
      2.5546870649846727,
      2.3863947703596735,
      1.4763421012759879,
      1.3465489222453078,
      0.49270376495415547,
      1.3541772409843555,
      2.511589337451487,
      0.2355185767620042,
      1.913574926675201,
      2.532888667115079,
      0.5975424671100795,
      1.4806029177331785,
      1.4553212703729719,
      1.0493050080886872,
      0.5470082266291794,
      0.4537146680458986,
      1.5175065073995564,
      2.5207627813818583,
      1.2503171597638736,
      1.9277536149622443,
      1.9218400037464098,
      1.312056782307839,
      0.8931931482047993,
      0.9025884998159459,
      1.0033070317704347,
      2.32477719362523,
      2.376394327547514,
      1.254244394047667,
      2.0459349940797242
    ],
    [
      1.6157140836175197,
      1.5384693692108402,
      1.363865462573197,
      2.0785350610466025,
      1.751754834444592,
      1.3300680433722178,
      3.97298187763297,
      2.0209235512507644,
      0.9670661818097042,
      0.6574077882106361,
      1.952603390348384,
      2.118185072178539,
      0.0,
      0.6978395230996879,
      3.9350125793953956,
      1.6639909855525064,
      2.0566929766010293,
      1.0142820120656784,
      1.5082788203777178,
      1.8923649225241947,
      2.0239609680030886,
      1.173904595782809,
      1.9018859061468436,
      1.3959548703307,
      2.0222672919275535,
      0.7645966256791878,
      0.7658492018667904,
      1.8935218509433691,
      2.5160780989468514,
      1.4181766462609655,
      2.079061567149949,
      2.242109943780635,
      0.7382817890209677,
      1.2152337223760707,
      2.4161957702139953,
      1.726711614601582,
      1.7501365660999144,
      0.9825991044164449,
      1.322021558069308,
      2.0181798730539358,
      0.7595162934394498,
      0.8432087523264931,
      1.4662721439078081,
      2.5229938565125365,
      1.6927802574463113,
      1.164330279602828,
      0.2583679546693045,
      1.976929184366502,
      0.7428983779764233
    ],
    [
      1.6386384592093521,
      1.4394179379179628,
      0.8499088186387996,
      2.084310917305765,
      2.3347421699194104,
      0.6402725981954875,
      4.174087325392223,
      1.6324166134905638,
      0.7737241110370032,
      0.7131795005466717,
      2.373057100029412,
      2.3136810497559943,
      0.6978395230996879,
      0.0,
      4.248060263226029,
      1.3473833901306638,
      2.5215824396596673,
      0.9720185183421147,
      1.4429570333173467,
      1.9117073520808565,
      1.396679633989126,
      0.4983171680767181,
      2.4776638190036997,
      1.194089611377639,
      2.0687650905794017,
      1.1143087543405548,
      0.20256603861457118,
      2.078196573955409,
      3.1147059251235905,
      0.7341151135891427,
      2.0874656883407687,
      1.961277389866105,
      1.235556554755791,
      1.2715380450462346,
      2.724611164918767,
      1.8680152568970096,
      2.3416562514596366,
      0.2942872746144488,
      1.8551951379841418,
      1.5693597420604362,
      1.4397850534020695,
      1.2702869754508233,
      1.8911208316762835,
      2.4651478657476105,
      2.17078257778157,
      0.5058903043150759,
      0.7030007112371935,
      1.759641156599834,
      0.29177045772319027
    ],
    [
      2.719991176456277,
      3.0126539794672733,
      3.953185171478817,
      2.416377453958715,
      2.540172631928783,
      4.711938560719993,
      0.7047247689701284,
      3.574319515656092,
      4.874105558971821,
      3.5365068924010314,
      2.011568542207796,
      1.9635478094510457,
      3.9350125793953956,
      4.248060263226029,
      0.0,
      3.436589297544878,
      1.9806488835732596,
      3.3115102294874466,
      2.967392963528761,
      2.5152655923381135,
      4.4545251149813945,
      4.349624351596353,
      2.4221680371105547,
      3.299237790763194,
      2.3562132755758762,
      3.194733791726629,
      4.4400802920668,
      2.1924864879857298,
      2.2824970974789864,
      4.494705885817225,
      2.40928723899829,
      3.199685140759947,
      3.202545237775729,
      3.005370027134762,
      1.5284508497167975,
      2.4164786363632516,
      2.575840445369239,
      4.472246527194135,
      2.7156444907240713,
      3.7692134458000655,
      3.4952935499039275,
      3.0921780349779344,
      2.4780835337009934,
      2.3597783794246445,
      2.3164854845217575,
      4.288189011692465,
      4.187450059403694,
      3.074072380410064,
      3.9930452038513167
    ],
    [
      0.7891425726698563,
      0.4887228253314962,
      0.6092002954693969,
      1.0236884291619197,
      2.39834213572626,
      1.4737153727908254,
      3.1797366243134033,
      0.38127417956111337,
      2.118085220192994,
      1.029114668052108,
      2.025788241648174,
      1.5273565399080857,
      1.6639909855525064,
      1.3473833901306638,
      3.436589297544878,
      0.0,
      2.2409087442374798,
      0.7282430912820251,
      0.5585311092499677,
      0.9269827398608881,
      1.0278715873103996,
      1.1220632780730326,
      2.491290428673461,
      0.3280304863880793,
      1.0814698331437635,
      1.2784873875013394,
      1.531604714017295,
      1.3406136654532501,
      3.1010006449531735,
      1.1649021418127796,
      1.030380997495586,
      0.6139584676507036,
      1.534445176602931,
      0.7919501246922058,
      2.0658983518072707,
      1.1286740007637281,
      2.4287815875454912,
      1.3943489520202612,
      1.9213008613957363,
      0.4724235387869661,
      2.0569649972714656,
      1.4266033085619843,
      1.7051275612105972,
      1.2500959963138825,
      2.007901641017308,
      1.0591454102246776,
      1.8473819312746351,
      0.4504542152094929,
      1.0721511087528661
    ],
    [
      1.4748457546469051,
      1.754870365582597,
      2.535840886175629,
      1.5512246774726093,
      0.6085992113041231,
      3.0953205003682576,
      2.2269640769442147,
      2.5496293848322344,
      3.023015878224923,
      1.8357758577778494,
      0.22246348014898937,
      0.9942283439934709,
      2.0566929766010293,
      2.5215824396596673,
      1.9806488835732596,
      2.2409087442374798,
      0.0,
      1.7575352059062712,
      1.6832804282115326,
      1.483446325284471,
      3.207416405769603,
      2.7731473094662675,
      0.5444189563194872,
      1.9626441348344328,
      1.425941443398009,
      1.4073983089374524,
      2.6879912574262588,
      1.018878304803866,
      0.9249870269360542,
      2.977232439699662,
      1.5440080958336975,
      2.380059873196471,
      1.3251181079435899,
      1.5091073520462348,
      0.7126570002462614,
      1.1617112377867396,
      0.6521502894272149,
      2.7918662217233834,
      0.7545389320638135,
      2.700146662683344,
      1.5236315171326693,
      1.2563634028417092,
      0.6331792795093664,
      1.8967393073377266,
      0.36401236242743207,
      2.722428511458106,
      2.2928070132481713,
      2.1074878410088154,
      2.325050537085162
    ],
    [
      0.6700358199380088,
      0.5268548187119482,
      0.7857894119928064,
      1.1264262070814937,
      1.7760937475257321,
      1.4052021206929632,
      3.205333212007762,
      1.1093151040168887,
      1.7039556919122052,
      0.3590891254271006,
      1.5683787807796945,
      1.355912976558599,
      1.0142820120656784,
      0.9720185183421147,
      3.3115102294874466,
      0.7282430912820251,
      1.7575352059062712,
      0.0,
      0.5053958844312045,
      0.9476523624198907,
      1.4899885905603438,
      1.0515607447979407,
      1.8898005185733224,
      0.41167219969291124,
      1.1005984735588177,
      0.5585123096226258,
      1.1738573167127255,
      1.1221091747240997,
      2.5267942140190205,
      1.2320004058440894,
      1.1287767715540569,
      1.2475996954151605,
      0.8133019119613576,
      0.3067262623252206,
      1.808385467758464,
      0.904144346882731,
      1.7999072198310662,
      1.1649227442195471,
      1.2759204520658798,
      1.171116561235473,
      1.3287321024194456,
      0.7204672095244862,
      1.145126193919255,
      1.5399045424960596,
      1.4566348203994022,
      0.9938656850902943,
      1.2384062338344395,
      0.9684879968280455,
      0.6932892614197917
    ],
    [
      0.2502418829852433,
      0.07340980860893126,
      0.9861085132986123,
      0.6434570692750222,
      1.8728016445956044,
      1.7758783742137294,
      2.787055794202908,
      0.8810158908896025,
      2.196076956757208,
      0.8614232409216732,
      1.4674552804089132,
      1.0144579833586018,
      1.5082788203777178,
      1.4429570333173467,
      2.967392963528761,
      0.5585311092499677,
      1.6832804282115326,
      0.5053958844312045,
      0.0,
      0.4810405388322282,
      1.561835138546959,
      1.4075386317966543,
      1.9557640450729221,
      0.33245300419758517,
      0.6448829351130333,
      0.907330700461524,
      1.6451832724654107,
      0.80623569754756,
      2.5532681018647456,
      1.5310127367203707,
      0.6471305896030571,
      0.8494198019825067,
      1.1471813282999335,
      0.3368590209568389,
      1.5354937316706965,
      0.5844450359101366,
      1.9062185079365899,
      1.5932639454905138,
      1.4178836341533811,
      1.0187075144515227,
      1.7006457597042364,
      1.0118418848812296,
      1.1668217515970467,
      1.0358421694447473,
      1.461985636044349,
      1.3437261625792654,
      1.7400071838932156,
      0.5450522910693985,
      1.1529028580066922
    ],
    [
      0.28057262874343264,
      0.5099107765089885,
      1.4475392913492884,
      0.18627130750601406,
      1.8215339689393666,
      2.2556471355245264,
      2.3079774695607407,
      1.1350281934824349,
      2.651556901143176,
      1.2811127975318957,
      1.261302897800525,
      0.6134696406506197,
      1.8923649225241947,
      1.9117073520808565,
      2.5152655923381135,
      0.9269827398608881,
      1.483446325284471,
      0.9476523624198907,
      0.4810405388322282,
      0.0,
      1.9538549076121285,
      1.8871526170397555,
      1.8697681674475046,
      0.7990901075598418,
      0.16478470802838494,
      1.1900710062849196,
      2.114272451695854,
      0.47309195723453185,
      2.4018113997564425,
      2.002048950450513,
      0.18670297265978367,
      0.8989516116009805,
      1.3838081514429665,
      0.6811710504711721,
      1.1601900706349801,
      0.34225136961011626,
      1.8618509607377278,
      2.0726625388615485,
      1.4503082430986869,
      1.31437627793566,
      1.927951244196803,
      1.2327303030265786,
      1.1226277210188607,
      0.6463659953927028,
      1.3598389610538448,
      1.82310723765773,
      2.1389448333231975,
      0.6466235380806975,
      1.6244399034744252
    ],
    [
      1.805959578728162,
      1.4990830530694426,
      0.7225406562955469,
      2.0382840822613515,
      3.265710489311629,
      1.0392271166592988,
      4.158232436985696,
      0.9176589780523047,
      1.982360461671893,
      1.598814873586057,
      3.0015412707474143,
      2.5546870649846727,
      2.0239609680030886,
      1.396679633989126,
      4.4545251149813945,
      1.0278715873103996,
      3.207416405769603,
      1.4899885905603438,
      1.561835138546959,
      1.9538549076121285,
      0.0,
      0.9083402446220245,
      3.3795301448574175,
      1.2505182925491334,
      2.1054645568140065,
      2.008295297011871,
      1.4774603209562003,
      2.3625970879521545,
      4.014395222197237,
      0.718476861144463,
      2.045440050453691,
      1.3536517277350184,
      2.242309969651832,
      1.6999779410333538,
      3.0906115899607958,
      2.1450177155445598,
      3.288783969797955,
      1.2243581992211265,
      2.76399583936011,
      0.7237513385134424,
      2.657036883447424,
      2.184818756785102,
      2.6218779529184797,
      2.1804815981796315,
      2.933669545126035,
      0.8912244386236272,
      2.0919321212697124,
      1.3908360794860053,
      1.2816692240980114
    ],
    [
      1.642968045946116,
      1.3789459742861572,
      0.5202547452931108,
      2.0368524737938185,
      2.6780016803579487,
      0.3685172994582485,
      4.194571372619614,
      1.3155865611961834,
      1.1126153872745073,
      0.9512859717245913,
      2.59861655501538,
      2.3863947703596735,
      1.173904595782809,
      0.4983171680767181,
      4.349624351596353,
      1.1220632780730326,
      2.7731473094662675,
      1.0515607447979407,
      1.4075386317966543,
      1.8871526170397555,
      0.9083402446220245,
      0.0,
      2.812054409146451,
      1.0936297362453162,
      2.051687354350072,
      1.3991611772772994,
      0.571126080651199,
      2.15752937407582,
      3.4567292344064207,
      0.24569289774024813,
      2.041687782203733,
      1.7073350579192121,
      1.5803417351952709,
      1.3513167652330818,
      2.85829914459631,
      1.9331489854638726,
      2.691312319297037,
      0.3313683750752329,
      2.1791569470783876,
      1.2070898889477941,
      1.8818854906715232,
      1.5743840065244565,
      2.1427650361157187,
      2.3493237324813276,
      2.444129497387566,
      0.06466065264130866,
      1.2012535119615677,
      1.5704219178297278,
      0.4856439024635226
    ],
    [
      1.7913062273101152,
      2.0291362694506243,
      2.6712762867213864,
      1.9728360296791014,
      0.15220052562327147,
      3.095746275133025,
      2.739057684679167,
      2.836405119160519,
      2.8538586159794255,
      1.8630010735369957,
      0.697213023401026,
      1.4763421012759879,
      1.9018859061468436,
      2.4776638190036997,
      2.4221680371105547,
      2.491290428673461,
      0.5444189563194872,
      1.8898005185733224,
      1.9557640450729221,
      1.8697681674475046,
      3.3795301448574175,
      2.812054409146451,
      0.0,
      2.1815416567189354,
      1.8476863911389283,
      1.4151021164566182,
      2.6162425346286224,
      1.442984753904212,
      0.6450279063730503,
      3.0380475638146285,
      1.966464085611532,
      2.7372922752238207,
      1.2437274621073537,
      1.7067305001083204,
      1.2569041331780237,
      1.528706969958598,
      0.16829735589129172,
      2.7660746555362525,
      0.6330284353802758,
      2.963103778135352,
      1.2320004058440888,
      1.2380488681792812,
      0.7889461325084239,
      2.364488105277757,
      0.5102205405508482,
      2.7701315853222566,
      2.1049399041302816,
      2.4450204498122297,
      2.334445544449474
    ],
    [
      0.5822319125571869,
      0.2894581144138129,
      0.6539548914107153,
      0.9433186100146649,
      2.083408985293094,
      1.4617540832848737,
      3.1061044734522367,
      0.7071195089940596,
      1.9645337869326664,
      0.7426068946623108,
      1.7534679922941283,
      1.3465489222453078,
      1.3959548703307,
      1.194089611377639,
      3.299237790763194,
      0.3280304863880793,
      1.9626441348344328,
      0.41167219969291124,
      0.33245300419758517,
      0.7990901075598418,
      1.2505182925491334,
      1.0936297362453162,
      2.1815416567189354,
      0.0,
      0.9638034031896753,
      0.9525891034438722,
      1.3920880000919482,
      1.1350651963653893,
      2.800214456072963,
      1.2032809314536657,
      0.9482325664097384,
      0.8466953407217972,
      1.2083418390505232,
      0.4749536819522514,
      1.8631596818308407,
      0.9107013780597899,
      2.1124620706654116,
      1.3070015302209868,
      1.6001578047180218,
      0.7940403012442124,
      1.736845704143002,
      1.0986924046337994,
      1.400848314415233,
      1.2783019987467745,
      1.7084850013974366,
      1.0291379888042225,
      1.6006723587292937,
      0.5880416651904864,
      0.9032961861980823
    ],
    [
      0.4306332546378647,
      0.6746858528233713,
      1.6114118033575404,
      0.1258769240170741,
      1.8125175861215799,
      2.4201607384634602,
      2.1432466027034778,
      1.2657223234185297,
      2.802771485512153,
      1.4254627318874384,
      1.2066619244842356,
      0.49270376495415547,
      2.0222672919275535,
      2.0687650905794017,
      2.3562132755758762,
      1.0814698331437635,
      1.425941443398009,
      1.1005984735588177,
      0.6448829351130333,
      0.16478470802838494,
      2.1054645568140065,
      2.051687354350072,
      1.8476863911389283,
      0.9638034031896753,
      0.0,
      1.300008076897986,
      2.271257361022744,
      0.40905989781448804,
      2.3503276367349293,
      2.1666088710240254,
      0.119096599447676,
      0.9886495840286393,
      1.4765666256556116,
      0.8223113765478377,
      1.0364096680367272,
      0.3642993274767328,
      1.8546323085722403,
      2.23451113221662,
      1.4776156469122808,
      1.4507160301037558,
      2.0096293190536403,
      1.3244991506226038,
      1.134153869631453,
      0.5658277122941224,
      1.3422518392611718,
      1.987682570230971,
      2.2722484459231125,
      0.7660234983340916,
      1.7829125048638814
    ],
    [
      0.9322767829351969,
      0.9617692030835671,
      1.2867730957709675,
      1.3740931555029308,
      1.2852256611194783,
      1.6990211888025408,
      3.2095259774614697,
      1.6592492278135917,
      1.6793787541826293,
      0.4482510457321874,
      1.2621014222319862,
      1.3541772409843555,
      0.7645966256791878,
      1.1143087543405548,
      3.194733791726629,
      1.2784873875013394,
      1.4073983089374524,
      0.5585123096226258,
      0.907330700461524,
      1.1900710062849196,
      2.008295297011871,
      1.3991611772772994,
      1.4151021164566182,
      0.9525891034438722,
      1.300008076897986,
      0.0,
      1.2847680724551023,
      1.1317707365009935,
      2.060128394057031,
      1.6229999999999998,
      1.3732097436298654,
      1.7431675192017553,
      0.25597656142701825,
      0.5711610981150589,
      1.6679718223039623,
      0.9776814409612166,
      1.3020176650107325,
      1.3862081373300328,
      0.7823381621779677,
      1.729146032005394,
      0.7963573318554931,
      0.179201004461471,
      0.7771447741572995,
      1.8358240656446358,
      1.0596494703438493,
      1.3557142029203644,
      1.0229613873455827,
      1.4445154897058046,
      0.9290565106601427
    ],
    [
      1.8410630081558856,
      1.640856178950489,
      1.0029566291719694,
      2.286783111709547,
      2.4704270885820527,
      0.5859180830116099,
      4.374029263733839,
      1.8000469438322988,
      0.5873959482325367,
      0.9036249221884045,
      2.5467981859582047,
      2.511589337451487,
      0.7658492018667904,
      0.20256603861457118,
      4.4400802920668,
      1.531604714017295,
      2.6879912574262588,
      1.1738573167127255,
      1.6451832724654107,
      2.114272451695854,
      1.4774603209562003,
      0.571126080651199,
      2.6162425346286224,
      1.3920880000919482,
      2.271257361022744,
      1.2847680724551023,
      0.0,
      2.276071176391459,
      3.2470395747511303,
      0.7749503209883839,
      2.2899576415296417,
      2.1442933567961266,
      1.3829580615477826,
      1.4720713297934989,
      2.914531351692755,
      2.067525090536993,
      2.4744674174456205,
      0.26304752422328515,
      2.0025308986380206,
      1.723504859291089,
      1.5248999967210968,
      1.4320684341189847,
      2.0612231805411074,
      2.6655898034018657,
      2.3328544746726054,
      0.5998033010912825,
      0.6994118958096155,
      1.9517095070732224,
      0.4928295851508914
    ],
    [
      0.5576280122088559,
      0.8646878049330864,
      1.7825627618684288,
      0.5349214895664599,
      1.4150088338946867,
      2.5194570843735367,
      2.1035360705250574,
      1.5924638143455567,
      2.7600699266504107,
      1.38011086511193,
      0.7985342822947558,
      0.2355185767620042,
      1.8935218509433691,
      2.078196573955409,
      2.1924864879857298,
      1.3406136654532501,
      1.018878304803866,
      1.1221091747240997,
      0.80623569754756,
      0.47309195723453185,
      2.3625970879521545,
      2.15752937407582,
      1.442984753904212,
      1.1350651963653893,
      0.40905989781448804,
      1.1317707365009935,
      2.276071176391459,
      0.0,
      1.942322836193819,
      2.3094449549621228,
      0.5280246206380911,
      1.3713737637857888,
      1.2502803685573889,
      0.8153833454271676,
      0.7293757604966044,
      0.22643321311150416,
      1.4581512267251295,
      2.286613653418522,
      1.1213893168743851,
      1.7632733764223856,
      1.7407182425654075,
      1.1030793262499303,
      0.7654495411194657,
      0.9315283141161085,
      0.9419607210494503,
      2.0964274373323777,
      2.1512937967651005,
      1.1162195124615941,
      1.8110574259255285
    ],
    [
      2.3666062198853446,
      2.62647082603253,
      3.3107485558405068,
      2.4757917925382986,
      0.7809660684050241,
      3.737158546275499,
      2.7470147433168246,
      3.432507101230819,
      3.4502753513306734,
      2.5080127591381984,
      1.1437993705191483,
      1.913574926675201,
      2.5160780989468514,
      3.1147059251235905,
      2.2824970974789864,
      3.1010006449531735,
      0.9249870269360542,
      2.5267942140190205,
      2.5532681018647456,
      2.4018113997564425,
      4.014395222197237,
      3.4567292344064207,
      0.6450279063730503,
      2.800214456072963,
      2.3503276367349293,
      2.060128394057031,
      3.2470395747511303,
      1.942322836193819,
      0.0,
      3.6830718157538014,
      2.468625528507716,
      3.2934146413714753,
      1.884551140192274,
      2.327866834679338,
      1.5350325729443008,
      2.071707025619211,
      0.7731552237422967,
      3.4048729785411966,
      1.2780000000000005,
      3.569899298299603,
      1.8032908805847159,
      1.8830066383313682,
      1.3994731151401234,
      2.815206741964078,
      1.0931203044496067,
      3.415064567471602,
      2.702846832508272,
      3.012687836467628,
      2.978198952387164
    ],
    [
      1.7755846924323269,
      1.4927387581221307,
      0.562858774471892,
      2.13873724426354,
      2.9064249517233365,
      0.3502913073429027,
      4.306683178502919,
      1.2887315469095963,
      1.2641969783226032,
      1.1750957407802993,
      2.7959086179630415,
      2.532888667115079,
      1.4181766462609655,
      0.7341151135891427,
      4.494705885817225,
      1.1649021418127796,
      2.977232439699662,
      1.2320004058440894,
      1.5310127367203707,
      2.002048950450513,
      0.718476861144463,
      0.24569289774024813,
      3.0380475638146285,
      1.2032809314536657,
      2.1666088710240254,
      1.6229999999999998,
      0.7749503209883839,
      2.3094449549621228,
      3.6830718157538014,
      0.0,
      2.1442336626403384,
      1.7088458093110688,
      1.8139528659808117,
      1.5202480060832184,
      3.023147531960688,
      2.0832225037186984,
      2.9211211888588253,
      0.5142859126983743,
      2.4051099766954525,
      1.150271707032734,
      2.1270909712562838,
      1.8002177646051605,
      2.3508536747317983,
      2.413679556196307,
      2.6561103139741764,
      0.27158792314828745,
      1.4355573830397723,
      1.6138035816046519,
      0.7260750649898394
    ],
    [
      0.46608261070329576,
      0.6643530687819539,
      1.5843231993504354,
      0.008062257748298598,
      1.9302486886409225,
      2.4099398332738518,
      2.163003929723661,
      1.1849932489259165,
      2.8324095749026132,
      1.4660586618549747,
      1.3251222585105122,
      0.5975424671100795,
      2.079061567149949,
      2.0874656883407687,
      2.40928723899829,
      1.030380997495586,
      1.5440080958336975,
      1.1287767715540569,
      0.6471305896030571,
      0.18670297265978367,
      2.045440050453691,
      2.041687782203733,
      1.966464085611532,
      0.9482325664097384,
      0.119096599447676,
      1.3732097436298654,
      2.2899576415296417,
      0.5280246206380911,
      2.468625528507716,
      2.1442336626403384,
      0.0,
      0.8848073236586596,
      1.5610166559008907,
      0.8674214661858443,
      1.1346246075244448,
      0.47093311627024104,
      1.9721828008579732,
      2.2396017503118717,
      1.58851502983132,
      1.3742070440803305,
      2.100602294581247,
      1.4093296278727698,
      1.248149430156502,
      0.468705664569994,
      1.460564274518585,
      1.9772531451485917,
      2.3255719726553292,
      0.6811989430408704,
      1.798576381475082
    ],
    [
      0.9507938788191691,
      0.7862906587261489,
      1.1871192021022996,
      0.8767536712212842,
      2.672432599711357,
      2.0408003332026388,
      2.834729263968607,
      0.4422951503238533,
      2.7312451372954434,
      1.5891645603901445,
      2.157623924598539,
      1.4806029177331785,
      2.242109943780635,
      1.961277389866105,
      3.199685140759947,
      0.6139584676507036,
      2.380059873196471,
      1.2475996954151605,
      0.8494198019825067,
      0.8989516116009805,
      1.3536517277350184,
      1.7073350579192121,
      2.7372922752238207,
      0.8466953407217972,
      0.9886495840286393,
      1.7431675192017553,
      2.1442933567961266,
      1.3713737637857888,
