{
  "activeRoutes": [],
  "benchmarkFamily": "synthetic-food",
  "capacity": 4,
  "constraints": {
    "capacity": 4,
    "pickupDelivery": true,
    "timeWindows": true
  },
  "depotNodeId": "0",
  "distanceMatrix": [
    [
      0.0,
      3.0685320594707854,
      12.346630673993616,
      4.647314600928155,
      17.220846552942742,
      20.1001693773958,
      25.563181824647728,
      10.752503568936865,
      23.73590179453901,
      10.00976653074386,
      12.552737151713167,
      7.646505737917155,
      16.162727523533885,
      16.388039663120175,
      27.204379426849638,
      7.888464552750428,
      14.74542708774487,
      6.69862105212707,
      2.5058325961643964,
      2.801285419231681,
      18.05392616579563,
      16.429222897021027,
      17.91241491256832,
      5.827167836951329,
      4.306683178502919,
      9.326972713587194,
      18.41452144368677,
      5.57725748015994,
      23.668123119504003,
      17.755515255829668,
      4.664553354824017,
      9.507010308188374,
      11.431944891399713,
      4.018898605339528,
      12.864972794374655,
      3.4022646869401547,
      17.585333804053878,
      18.10445693745051,
      13.016038260546104,
      12.30654269078038,
      16.96379087939957,
      9.959199265001176,
      10.094934670417635,
      9.10567163914887,
      12.861185093139746,
      15.794587237405098,
      18.61079710813053,
      6.541025301892664,
      13.540362809023987
    ],
    [
      3.0685320594707854,
      0.0,
      9.413759504045128,
      6.597654431690105,
      19.454051634556745,
      17.47436121865403,
      28.17156626813639,
      8.081850901866476,
      21.998918632514645,
      8.86323580866491,
      15.384903022118797,
      10.670074085965853,
      15.389520915220192,
      14.397273804439502,
      30.12834487654441,
      4.887060875413767,
      17.54300148207257,
      5.2667231748023315,
      0.7273032379963702,
      5.092704684153604,
      14.988166298783849,
      13.790922376694022,
      20.287740362100454,
      2.90201619568189,
      6.746375693659525,
      9.620884418804751,
      16.413449759267543,
      8.644918970123436,
      26.26428900617719,
      14.929595607383341,
      6.645802359384459,
      7.8642941196270115,
      12.05068018827153,
      3.9504006125961477,
      15.931560438324931,
      6.460350609680563,
      19.784338553512477,
      15.776304066542323,
      14.89720097870738,
      9.461551881166217,
      17.57594037313509,
      10.72866464197665,
      12.39515732050223,
      10.282611584612157,
      15.351067878164049,
      13.144905058614913,
      17.657696622153175,
      4.838690422004698,
      11.48391309615324
    ],
    [
      12.346630673993616,
      9.413759504045128,
      0.0,
      15.784907475180212,
      25.524672397505906,
      8.64652346321919,
      37.46836759187675,
      8.05029403189722,
      15.846909888050734,
      8.783772822654283,
      23.393441922897967,
      19.985559111518498,
      13.635377882552426,
      8.49793651423685,
      39.53284352282289,
      6.090929649897461,
      25.351701422192562,
      7.852636563600789,
      9.854394451208051,
      14.468441277483905,
      7.228005879909066,
      5.200760713587964,
      26.70584746829802,
      6.53111644361054,
      16.113287715422945,
      12.865494665966018,
      10.028771659580245,
      17.82262663021363,
      33.10573299294247,
      5.630719048221107,
      15.844737580660654,
      11.873087972385278,
      15.191766882097683,
      10.322793275078219,
      25.05954353135747,
      15.564165316521153,
      25.736583300819092,
      8.198386792534244,
      20.494396429268175,
      7.211362145947186,
      19.46896823152167,
      14.634992893746137,
      19.29266702661921,
      18.5330689579465,
      22.41643738420537,
      4.5948890084527605,
      14.796907041675967,
      10.589912417012709,
      6.375535742194534
    ],
    [
      4.647314600928155,
      6.597654431690105,
      15.784907475180212,
      0.0,
      19.35578427757449,
      24.049191753570433,
      21.68368571069042,
      11.776504150213682,
      28.304273263943738,
      14.647990066899965,
      13.321797213589463,
      6.054420616376101,
      20.789605527763143,
      20.844611989672536,
      24.16615685209379,
      10.236884291619207,
      15.50476446128738,
      11.26181979077982,
      6.435990832808888,
      1.8654728623059613,
      20.37853166938188,
      20.368415549570862,
      19.72481495477207,
      9.438805538838063,
      1.2595479347765959,
      13.742943098186798,
      22.871355206895807,
      5.346407017801768,
      24.755358551230877,
      21.38826278593005,
      0.08015609770940545,
      8.769032443776227,
      15.624114214892312,
      8.664614532684073,
      11.420068738847412,
      4.755300411120204,
      19.772650606329947,
      22.35703401616592,
      15.934481635748307,
      13.66546742705862,
      21.03215985104716,
      14.11267788196131,
      12.528443039739615,
      4.666178843550687,
      14.663851233560713,
      19.720366959060375,
      23.251644113911595,
      6.741058744737363,
      17.95475134887699
    ],
    [
      17.220846552942742,
      19.454051634556745,
      25.524672397505906,
      19.35578427757449,
      0.0,
      29.559284243702514,
      28.299930194260195,
      27.508426436275847,
      27.028821098967672,
      17.315293875646464,
      7.202588007098559,
      14.720587556208478,
      17.52429105556056,
      23.348293642148672,
      25.401436179869822,
      23.978189360333275,
      6.085903712678996,
      17.7604477421038,
      18.72999639615555,
      18.211136922224266,
      32.652472280058674,
      26.781019118024616,
      1.5173463678409032,
      20.835130069188434,
      18.11801015564347,
      12.849697583990057,
      24.709425974716613,
      14.146282797964979,
      7.813645500021099,
      29.063093882104155,
      19.299773314730924,
      26.72092013760005,
      11.036107284726803,
      16.090545360552568,
      13.083252080427096,
      14.78507507590002,
      0.45796178879902727,
      26.243891193952166,
      5.040991965873379,
      28.702346332660678,
      10.803350822777167,
      11.068546878429888,
      7.1260964068696095,
      23.440211005876204,
      4.734254957223993,
      26.373206138048516,
      19.53796778070841,
      23.7573062446061,
      21.982340116557197
    ],
    [
      20.1001693773958,
      17.47436121865403,
      8.64652346321919,
      24.049191753570433,
      29.559284243702514,
      0.0,
      45.62495573696483,
      16.296484099338727,
      9.642694695986183,
      12.594821515210127,
      29.293524557485394,
      27.49786429888692,
      13.295090597660472,
      6.40000726562087,
      47.12132261513889,
      14.73544515784983,
      30.949522468044645,
      14.050395474861196,
      17.754250476998457,
      22.550086496508168,
      10.396698947262065,
      3.68365579282321,
      30.952277606017937,
      14.61051326956038,
      24.20098396759933,
      16.988414199094628,
      5.853741794783908,
      25.192903842153648,
      37.372929735304396,
      3.5016917340051497,
      24.101540801367864,
      20.408520818520874,
      18.52352377383957,
      17.080811602497114,
      32.12742158966387,
      22.960052482518414,
      29.650892600392318,
      3.4763673568827516,
      24.66552081347564,
      14.97444970608269,
      20.7959193112495,
      18.671733315362015,
      24.615291690329407,
      27.113602877522567,
      27.563200557990356,
      4.329677701630917,
      12.850301552881934,
      19.23321514983909,
      7.705841939723394
    ],
    [
      25.563181824647728,
      28.17156626813639,
      37.46836759187675,
      21.68368571069042,
      28.299930194260195,
      45.62495573696483,
      0.0,
      32.47146495001419,
      48.633801383400005,
      34.83268472282893,
      21.86486279398981,
      18.689612863834284,
      39.734271353580894,
      41.74030312539668,
      7.049906736971778,
      31.79380106247128,
      22.26473051712057,
      32.049769936771774,
      27.870707346603172,
      23.081742763491665,
      41.57328162413932,
      41.942967586950736,
      27.39157025436841,
      31.063863056612906,
      21.428602777596115,
      32.09563280261039,
      43.74235801828703,
      21.032729019316537,
      27.46590761289348,
      43.06449685065414,
      21.623636627542556,
      28.342823077456487,
      32.723563268690654,
      29.028881290879948,
      16.026862075902443,
      23.063877384342813,
      28.715022305406627,
      43.644039272276345,
      28.86838798755483,
      34.44100733137752,
      36.5528737310762,
      31.421824342326147,
      25.88304365796264,
      19.83810164809123,
      25.062699635115134,
      41.300620394856054,
      42.3146201211827,
      27.70051900235806,
      38.98590157993014
    ],
    [
      10.752503568936865,
      8.081850901866476,
      8.05029403189722,
      11.776504150213682,
      27.508426436275847,
      16.296484099338727,
      32.47146495001419,
      0.0,
      23.861369721790915,
      14.013316987779872,
      23.305240633814535,
      17.485713854458446,
      20.215854866910767,
      16.329299709418034,
      35.748635176744855,
      3.8197971150311116,
      25.49602676889088,
      11.095197384454229,
      8.809144566869136,
      11.350333431225712,
      9.169730257755676,
      13.156659226414583,
      28.3661933470108,
      7.073991800956514,
      12.6628235792812,
      16.600314003054283,
      18.005454978977895,
      15.927914427193539,
      34.33032299585892,
      12.889928820594784,
      11.854877688107964,
      4.424197102300028,
      19.15356794438049,
      11.56821010355535,
      22.948335015856816,
      14.01819574695688,
      27.828731232307376,
      16.247226224805264,
      22.846809952376287,
      1.9699873096037959,
      24.389060211496467,
      18.0566817826532,
      20.47397189115976,
      12.654437364023739,
      23.42896141530819,
      12.588852727711132,
      21.901662585292463,
      5.0395607943549985,
      13.793389213677688
    ],
    [
      23.73590179453901,
      21.998918632514645,
      15.846909888050734,
      28.304273263943738,
      27.028821098967672,
      9.642694695986183,
      48.633801383400005,
      23.861369721790915,
      0.0,
      13.862814144321494,
      29.135288431728288,
      29.94456965795301,
      9.669818043789661,
      7.740796987390904,
      48.75095504705523,
      21.184648805207985,
      30.23605863865197,
      17.047163341741058,
      21.96592308554321,
      26.51690860564256,
      19.83009692361589,
      11.132657050318226,
      28.540728266811968,
      19.64698361072254,
      28.03362370440183,
      16.79803161087632,
      5.876857153275048,
      27.607095845090264,
      34.51237995270682,
      12.644350200781378,
      28.33389383759317,
      27.319027453406903,
      17.00935442631495,
      19.855504526453114,
      33.47106399563659,
      25.65769266711253,
      26.970145364828866,
      7.819155005497725,
      22.88839727897085,
      23.023439903715524,
      16.505528922152113,
      17.909538464181594,
      24.240666657499336,
      32.28123594288175,
      26.599453603410726,
      11.560672817790499,
      7.491961091730259,
      25.33428510931382,
      10.62040455914934
    ],
    [
      10.00976653074386,
      8.86323580866491,
      8.783772822654283,
      14.647990066899965,
      17.315293875646464,
      12.594821515210127,
      34.83268472282893,
      14.013316987779872,
      13.862814144321494,
      0.0,
      16.745641821082884,
      16.157473193541122,
      6.573501730432565,
      7.130863201604698,
      35.371856298475485,
      10.292973962854466,
      18.357497923192046,
      3.597867423905446,
      8.61958009418092,
      12.811050308230003,
      15.988785319717069,
      9.514274170949667,
      18.627007757554615,
      7.42932493568561,
      14.25856717906817,
      4.483543464716274,
      9.0381034514991,
      13.80494567175112,
      25.08310048618392,
      11.751009148154044,
      14.668804586604866,
      15.897200917142612,
      6.509750379238823,
      6.034458716405307,
      20.114663034711768,
      11.802794287794734,
      17.466652713098753,
      9.61942498281472,
      12.303253634709808,
      14.273506681961514,
      10.777374309171972,
      6.249311002022541,
      12.021911328902739,
      18.91833803482748,
      14.978423014456496,
      9.07432091123077,
      8.794974076141436,
      13.200367646395305,
      4.893917960080652
    ],
    [
      12.552737151713167,
      15.384903022118797,
      23.393441922897967,
      13.321797213589463,
      7.202588007098559,
      29.293524557485394,
      21.86486279398981,
      23.305240633814535,
      29.135288431728288,
      16.745641821082884,
      0.0,
      7.896293054338852,
      19.533946477862578,
      23.733706200254527,
      20.118711936900922,
      20.257732869203306,
      2.218028403785674,
      15.686240403614883,
      14.681780988694797,
      12.61608156283083,
      30.01352761672643,
      25.98920670201382,
      6.970812434716632,
      17.541564154886533,
      12.065227805557592,
      12.62333592993548,
      25.47461658200178,
      7.9875643972364925,
      11.436070391528723,
      27.96103832120689,
      13.253532208434095,
      21.57799307164594,
      12.144141715246906,
      13.088373619361573,
      6.041456198632908,
      9.392961460583134,
      7.66029248788844,
      26.357666607649474,
      7.095427400798349,
      24.824724389205212,
      14.892521378195172,
      11.26292501972734,
      4.903103506963729,
      16.892197074389113,
      3.1978474009871127,
      25.459433222285217,
      21.981429002683146,
      18.858362017948433,
      21.62769698789032
    ],
    [
      7.646505737917155,
      10.670074085965853,
      19.985559111518498,
      6.054420616376101,
      14.720587556208478,
      27.49786429888692,
      18.689612863834284,
      17.485713854458446,
      29.94456965795301,
      16.157473193541122,
      7.896293054338852,
      0.0,
      21.190394168113052,
      23.141053087532555,
      19.63685519628843,
      15.274160828012777,
      9.936614815921974,
      13.560789431297868,
      10.151087084642707,
      6.139890064162385,
      25.544058017472477,
      23.866745421192224,
      14.763163414390561,
      13.473485258091168,
      4.925558851541622,
      13.54669797404519,
      25.12289828025421,
      2.357291878406235,
      19.134573159597785,
      25.331600581092385,
      5.975957161827716,
      14.807007158774525,
      14.553116848290609,
      10.5004441810811,
      5.463105801647997,
      4.538662468172753,
      15.169650787015504,
      25.211209272861147,
      12.508263908312777,
      19.27769667257995,
      19.22314773911911,
      13.125644060388046,
      8.93298091344653,
      9.02447128645219,
      10.03224122516998,
      23.247289734504538,
      23.77157548417857,
      12.549133595591371,
      20.46432811015304
    ],
    [
      16.162727523533885,
      15.389520915220192,
      13.635377882552426,
      20.789605527763143,
      17.52429105556056,
      13.295090597660472,
      39.734271353580894,
      20.215854866910767,
      9.669818043789661,
      6.573501730432565,
      19.533946477862578,
      21.190394168113052,
      0.0,
      6.975659467032493,
      39.360683848226,
      16.640549810628247,
      20.573750873382327,
      10.149537181566453,
      15.088787095058361,
      18.92501056802875,
      20.23942788223027,
      11.73985425803915,
      19.0217652440566,
      13.96151009024453,
      20.227508818438313,
      7.649760584488894,
      7.658751138403704,
      18.941875567113193,
      25.170821698943396,
      14.179241199725743,
      20.799803196184325,
      22.42569000053286,
      7.390446874174788,
      12.156155518913033,
      24.16351307239905,
      17.271785315942292,
      17.505061039596516,
      9.823146746333377,
      13.227687061614361,
      20.181139165071922,
      7.6041200674371225,
      8.435558843372492,
      14.66470173580083,
      25.235905155155418,
      16.935337050085533,
      11.644446101038897,
      2.5826970399177682,
      19.7702817632931,
      7.428839613290889
    ],
    [
      16.388039663120175,
      14.397273804439502,
      8.49793651423685,
      20.844611989672536,
      23.348293642148672,
      6.40000726562087,
      41.74030312539668,
      16.329299709418034,
      7.740796987390904,
      7.130863201604698,
      23.733706200254527,
      23.141053087532555,
      6.975659467032493,
      0.0,
      42.48622967503706,
      13.474125908570096,
      25.21622493554498,
      9.7233706090018,
      14.430312713174304,
      19.114316833201233,
      13.969183011185729,
      4.986607764803641,
      24.774666173331173,
      11.938666466569872,
      20.68985925520036,
      11.144161161792306,
      2.027776121764923,
      20.784089227098693,
      31.151809449853793,
      7.340926508282175,
      20.880487398525926,
      19.615944866358078,
      12.356375520353856,
      12.712884251813199,
      27.242316292855865,
      18.682110078896336,
      23.414343146883283,
      2.9429170902354667,
      18.55541538203875,
      15.693029949630501,
      14.403133999237808,
      12.701604701768984,
      18.90702689478174,
      24.654895254289766,
      21.709777751050332,
      5.063600497669615,
      7.030478859935502,
      17.593603383048052,
      2.9173174321626365
    ],
    [
      27.204379426849638,
      30.12834487654441,
      39.53284352282289,
      24.16615685209379,
      25.401436179869822,
      47.12132261513889,
      7.049906736971778,
      35.748635176744855,
      48.75095504705523,
      35.371856298475485,
      20.118711936900922,
      19.63685519628843,
      39.360683848226,
      42.48622967503706,
      0.0,
      34.36837262658795,
      19.80764498874108,
      33.118373390008145,
      29.68144411917991,
      25.16062582687481,
      44.54324920793273,
      43.500455457385726,
      24.227537472884034,
      33.00178887575641,
      23.56375428491818,
      31.952983585261638,
      44.40950371260637,
      21.92847037529065,
      22.8229792971908,
      44.95115769365679,
      24.093439812529876,
      31.99902631331147,
      32.02805794924194,
      30.062803096185153,
      15.29377484468762,
      24.167476595623295,
      25.759197833007143,
      44.72746521992946,
      27.16146711795958,
      37.69429661102591,
      34.95745466992698,
      30.92884495095153,
      24.78884043274311,
      23.59813560432264,
      23.167317712674464,
      42.882820079840826,
      41.88371933102407,
      30.75019869854502,
      39.93685291807555
    ],
    [
      7.888464552750428,
      4.887060875413767,
      6.090929649897461,
      10.236884291619207,
      23.978189360333275,
      14.73544515784983,
      31.79380106247128,
      3.8197971150311116,
      21.184648805207985,
      10.292973962854466,
      20.257732869203306,
      15.274160828012777,
      16.640549810628247,
      13.474125908570096,
      34.36837262658795,
      0.0,
      22.403110967006352,
      7.277433957103284,
      5.5779869128566455,
      9.264457296571669,
      10.275100632110618,
      11.218830242052867,
      24.9082641908263,
      3.2755717058247993,
      10.81563317610208,
      12.785597561318754,
      15.317136449088643,
      13.404345116416543,
      31.00915343894444,
      11.649486040165035,
      10.306052833165568,
      6.142495421243712,
      15.339498199093736,
      7.91198616025079,
      20.65191250223572,
      11.287704904009495,
      24.279816968008635,
      13.943451868170948,
      19.214854800388164,
      4.724235387869661,
      20.572460912588948,
      14.263680345548968,
      17.04341705762081,
      12.50311181266488,
      20.0761996652753,
      10.586008360094942,
      18.475672491143584,
      4.4990591238613415,
      10.721578988190124
    ],
    [
      14.74542708774487,
      17.54300148207257,
      25.351701422192562,
      15.50476446128738,
      6.085903712678996,
      30.949522468044645,
      22.26473051712057,
      25.49602676889088,
      30.23605863865197,
      18.357497923192046,
      2.218028403785674,
      9.936614815921974,
      20.573750873382327,
      25.21622493554498,
      19.80764498874108,
      22.403110967006352,
      0.0,
      17.573558774477075,
      16.83419178339133,
      14.830835579966497,
      32.06721768410849,
      27.730938408211152,
      5.450074861871166,
      19.627777586879272,
      14.251112658315499,
      14.073204325952217,
      26.88422920598618,
      10.184146748746313,
      9.254742351897207,
      29.770238729308176,
      15.435365431372206,
      23.795705599960684,
      13.25053236666362,
      15.094014509069485,
      7.1202087750290035,
      11.608936428458904,
      6.521524438350288,
      27.918450691254346,
      7.546930501866308,
      26.99526960413621,
      15.238451791438665,
      12.565771365101318,
      6.336156090249046,
      18.9602988373074,
      3.639491447991059,
      27.221143436674375,
      22.93360593103492,
      21.073810476513266,
      23.251299254020196
    ],
    [
      6.69862105212707,
      5.2667231748023315,
      7.852636563600789,
      11.26181979077982,
      17.7604477421038,
      14.050395474861196,
      32.049769936771774,
      11.095197384454229,
      17.047163341741058,
      3.597867423905446,
      15.686240403614883,
      13.560789431297868,
      10.149537181566453,
      9.7233706090018,
      33.118373390008145,
      7.277433957103284,
      17.573558774477075,
      0.0,
      5.052211100102604,
      9.47026609974609,
      14.895650170435665,
      10.516516581073793,
      18.89680660852515,
      4.114382213650063,
      11.004543243588076,
      5.590395334857817,
      11.744165019276593,
      11.220625873809356,
      25.271609367034777,
      12.319881898784583,
      11.289912754313026,
      12.474397981465875,
      8.133019119613577,
      3.061482320706752,
      18.077947366888754,
      9.041063045903396,
      17.99564816837671,
      11.65118745021296,
      12.76476212077609,
      11.706278870759913,
      13.295129220883869,
      7.2063989620336715,
      11.446307439519524,
      15.398109624236348,
      14.567377320574902,
      9.936565301954193,
      12.391149785229775,
      9.6799024788476,
      6.9364916924912405
    ],
    [
      2.5058325961643964,
      0.7273032379963702,
      9.854394451208051,
      6.435990832808888,
      18.72999639615555,
      17.754250476998457,
      27.870707346603172,
      8.809144566869136,
      21.96592308554321,
      8.61958009418092,
      14.681780988694797,
      10.151087084642707,
      15.088787095058361,
      14.430312713174304,
      29.68144411917991,
      5.5779869128566455,
      16.83419178339133,
      5.052211100102604,
      0.0,
      4.808141948819734,
      15.60896015114396,
      14.072478459745462,
      19.560752874058803,
      3.3262044435061435,
      6.4523866127193585,
      9.080204898569196,
      16.454462282311137,
      8.066941551790245,
      25.53919679629725,
      15.307045077349189,
      6.476924656038544,
      8.490632249720866,
      11.472755423175373,
      3.3699770028888927,
      15.353971342945771,
      5.851557057741125,
      19.06151017102265,
      15.93176010364203,
      14.188227126741383,
      10.179529360437055,
      17.01483781879804,
      10.123391971073723,
      11.668198875576296,
      10.35968846056676,
      14.624504265102457,
      13.430864491908181,
      17.405868550577985,
      5.446404777465591,
      11.530145619201864
    ],
    [
      2.801285419231681,
      5.092704684153604,
      14.468441277483905,
      1.8654728623059613,
      18.211136922224266,
      22.550086496508168,
      23.081742763491665,
      11.350333431225712,
      26.51690860564256,
      12.811050308230003,
      12.61608156283083,
      6.139890064162385,
      18.92501056802875,
      19.114316833201233,
      25.16062582687481,
      9.264457296571669,
      14.830835579966497,
      9.47026609974609,
      4.808141948819734,
      0.0,
      19.529389391376274,
      18.866711345647925,
      18.696390667719797,
      7.99187118264553,
      1.6537472600128442,
      11.900754429867046,
      21.142090908895458,
      4.73254107219367,
      24.01925435978394,
      20.016293812791623,
      1.874885063143868,
      8.987654922169632,
      13.832423504216463,
      6.809650358131469,
      11.599919180752941,
      3.4260935480514823,
      18.61211446880768,
      20.723036288150443,
      14.506372254978158,
      13.138651719259478,
      19.280965976838406,
      12.326469161929545,
      11.222052307844587,
      6.467264645891647,
      13.597392176443249,
      18.222772840597013,
      21.390422179096884,
      6.468211808529467,
      16.242180426285138
    ],
    [
      18.05392616579563,
      14.988166298783849,
      7.228005879909066,
      20.37853166938188,
      32.652472280058674,
      10.396698947262065,
      41.57328162413932,
      9.169730257755676,
      19.83009692361589,
      15.988785319717069,
      30.01352761672643,
      25.544058017472477,
      20.23942788223027,
      13.969183011185729,
      44.54324920793273,
      10.275100632110618,
      32.06721768410849,
      14.895650170435665,
      15.60896015114396,
      19.529389391376274,
      0.0,
      9.082615537387898,
      33.78985910003177,
      12.49595874673088,
      21.051597801592163,
      20.083104590675223,
      14.775980847307565,
      23.621220988763476,
      40.143138417418236,
      7.188810193627321,
      20.451831898389933,
      13.531661575726755,
      22.419599327374254,
      16.990268861910344,
      30.8958447853429,
      21.44812451008246,
      32.88032337128089,
      12.246546492787264,
      27.641231557222632,
      7.231625889106818,
      26.574979981177787,
      21.84503696494927,
      26.209637464108507,
      21.801289549015216,
      29.333223007368286,
      8.909821322563099,
      20.922100970026886,
      13.896280149737912,
      12.816619093973268
    ],
    [
      16.429222897021027,
      13.790922376694022,
      5.200760713587964,
      20.368415549570862,
      26.781019118024616,
      3.68365579282321,
      41.942967586950736,
      13.156659226414583,
      11.132657050318226,
      9.514274170949667,
      25.98920670201382,
      23.866745421192224,
      11.73985425803915,
      4.986607764803641,
      43.500455457385726,
      11.218830242052867,
      27.730938408211152,
      10.516516581073793,
      14.072478459745462,
      18.866711345647925,
      9.082615537387898,
      0.0,
      28.11943521836809,
      10.930602636634449,
      20.517846402583288,
      13.994203264209078,
      5.713449483455678,
      21.575938171954423,
      34.572332420593206,
      2.453934188196578,
      20.42037847347595,
      17.07336668615771,
      15.804415870256008,
      13.508231009277273,
      28.578039715837754,
      19.332998991361894,
      26.911093028712155,
      3.316831319196076,
      21.796372198143438,
      12.067141832265003,
      18.826459359104142,
      15.743631252033309,
      21.423139009024798,
      23.49444974882366,
      24.44310710609435,
      0.6501945862586056,
      12.016445813966786,
      15.697513975149056,
      4.856992485067279
    ],
    [
      17.91241491256832,
      20.287740362100454,
      26.70584746829802,
      19.72481495477207,
      1.5173463678409032,
      30.952277606017937,
      27.39157025436841,
      28.3661933470108,
      28.540728266811968,
      18.627007757554615,
      6.970812434716632,
      14.763163414390561,
      19.0217652440566,
      24.774666173331173,
      24.227537472884034,
      24.9082641908263,
      5.450074861871166,
      18.89680660852515,
      19.560752874058803,
      18.696390667719797,
      33.78985910003177,
      28.11943521836809,
      0.0,
      21.81697607369087,
      18.47263965977792,
      14.146997561320205,
      26.164374710663346,
      14.42928525603399,
      6.456225832481391,
      30.377481297829807,
      19.664639584797882,
      27.371304042737897,
      12.434768192451353,
      17.07046718751422,
      12.568490959538462,
      15.281790372858802,
      1.679487124094729,
      27.658622977292264,
      6.324303914265971,
      29.626414312231574,
      12.315266663779552,
      12.37949764731994,
      7.892597164431993,
      23.64271811784762,
      5.1017308827494965,
      27.698248644995584,
      21.05064770974992,
      24.450827143473077,
      23.343457348901847
    ],
    [
      5.827167836951329,
      2.90201619568189,
      6.53111644361054,
      9.438805538838063,
      20.835130069188434,
      14.61051326956038,
      31.063863056612906,
      7.073991800956514,
      19.64698361072254,
      7.42932493568561,
      17.541564154886533,
      13.473485258091168,
      13.96151009024453,
      11.938666466569872,
      33.00178887575641,
      3.2755717058247993,
      19.627777586879272,
      4.114382213650063,
      3.3262044435061435,
      7.99187118264553,
      12.49595874673088,
      10.930602636634449,
      21.81697607369087,
      0.0,
      9.644951269965029,
      9.530690268810549,
      13.91994400132414,
      11.356324845653194,
      28.008064070906435,
      12.027580346852812,
      9.491516475253047,
      8.469400923323914,
      12.082512197386768,
      4.747901115229765,
      18.63159681830841,
      9.114709210940305,
      21.12276994146365,
      13.066232815926705,
      16.009165031318783,
      7.9349259605871545,
      17.374610269010358,
      10.989168712873598,
      14.00698557863183,
      12.789375004276014,
      17.08877529257144,
      10.282139320199857,
      16.00889777592448,
      5.879416722771058,
      9.031111227307521
    ],
    [
      4.306683178502919,
      6.746375693659525,
      16.113287715422945,
      1.2595479347765959,
      18.11801015564347,
      24.20098396759933,
      21.428602777596115,
      12.6628235792812,
      28.03362370440183,
      14.25856717906817,
      12.065227805557592,
      4.925558851541622,
      20.227508818438313,
      20.68985925520036,
      23.56375428491818,
      10.81563317610208,
      14.251112658315499,
      11.004543243588076,
      6.4523866127193585,
      1.6537472600128442,
      21.051597801592163,
      20.517846402583288,
      18.47263965977792,
      9.644951269965029,
      0.0,
      13.002248574765833,
      22.716973918196057,
      4.087002936137927,
      23.499912255155337,
      21.667896298441157,
      1.1950004184099636,
      9.889134087471964,
      14.76148678148648,
      8.225630796479988,
      10.356204179138226,
      3.643940312354198,
      18.537239411519728,
      22.346916051213867,
      14.777940451903309,
      14.508152225559256,
      20.09841050929153,
      13.24575350820028,
      11.335997618207234,
      5.6601858626727095,
      13.418280739349589,
      19.874328617591086,
      22.726992431907917,
      7.668250647963979,
      17.83201124382777
    ],
    [
      9.326972713587194,
      9.620884418804751,
      12.865494665966018,
      13.742943098186798,
      12.849697583990057,
      16.988414199094628,
      32.09563280261039,
      16.600314003054283,
      16.79803161087632,
      4.483543464716274,
      12.62333592993548,
      13.54669797404519,
      7.649760584488894,
      11.144161161792306,
      31.952983585261638,
      12.785597561318754,
      14.073204325952217,
      5.590395334857817,
      9.080204898569196,
      11.900754429867046,
      20.083104590675223,
      13.994203264209078,
      14.146997561320205,
      9.530690268810549,
      13.002248574765833,
      0.0,
      12.852044973466283,
      11.32101130641605,
      20.603196062747156,
      16.231000277247244,
      13.739113872444614,
      17.436043846010485,
      2.5541260736306617,
      5.716874845577784,
      16.67631904827921,
      9.778258791829968,
      13.014376243216576,
      13.863086705348127,
      7.825380757509506,
      17.29197921002683,
      7.965031638355242,
      1.7888907177354305,
      7.766361953965319,
      18.362179064588172,
      10.596957393516309,
      13.55785241105685,
      10.23243846793128,
      14.447864063590854,
      9.29317346227864
    ],
    [
      18.41452144368677,
      16.413449759267543,
      10.028771659580245,
      22.871355206895807,
      24.709425974716613,
      5.853741794783908,
      43.74235801828703,
      18.005454978977895,
      5.876857153275048,
      9.0381034514991,
      25.47461658200178,
      25.12289828025421,
      7.658751138403704,
      2.027776121764923,
      44.40950371260637,
      15.317136449088643,
      26.88422920598618,
      11.744165019276593,
      16.454462282311137,
      21.142090908895458,
      14.775980847307565,
      5.713449483455678,
      26.164374710663346,
      13.91994400132414,
      22.716973918196057,
      12.852044973466283,
      0.0,
      22.765611544608237,
      32.47933773955374,
      7.747132759931246,
      22.907431850820814,
      21.44671035380484,
      13.834610655887644,
      14.720850586837704,
      29.144691472033116,
      20.67978687027504,
      24.74678922607941,
      2.628337307120225,
      20.03238947305089,
      17.234278313872032,
      15.25810620621052,
      14.323032151049578,
      20.611789878610736,
      26.660968624564262,
      23.33431623167904,
      6.00271555214804,
      6.997186077274207,
      19.5151572886308,
      4.929635787763634
    ],
    [
      5.57725748015994,
      8.644918970123436,
      17.82262663021363,
      5.346407017801768,
      14.146282797964979,
      25.192903842153648,
      21.032729019316537,
      15.927914427193539,
      27.607095845090264,
      13.80494567175112,
      7.9875643972364925,
      2.357291878406235,
      18.941875567113193,
      20.784089227098693,
      21.92847037529065,
      13.404345116416543,
      10.184146748746313,
      11.220625873809356,
      8.066941551790245,
      4.73254107219367,
      23.621220988763476,
      21.575938171954423,
      14.42928525603399,
      11.356324845653194,
      4.087002936137927,
      11.32101130641605,
      22.765611544608237,
      0.0,
      19.423538426352696,
      23.094901623518556,
      5.280552338534293,
      13.713149966364405,
      12.5010497559205,
      8.159145604779951,
      7.28820375675653,
      2.262851740614043,
      14.575924396071764,
      22.86754473046899,
      11.218622241612382,
      17.630659318357896,
      17.411066365963922,
      11.03418021422525,
      7.653333718060384,
      9.313698996639308,
      9.418818450315307,
      20.961679918365324,
      21.518745177170526,
      11.166196353279842,
      18.11339802466671
    ],
    [
      23.668123119504003,
      26.26428900617719,
      33.10573299294247,
      24.755358551230877,
      7.813645500021099,
      37.372929735304396,
      27.46590761289348,
      34.33032299585892,
      34.51237995270682,
      25.08310048618392,
      11.436070391528723,
      19.134573159597785,
      25.170821698943396,
      31.151809449853793,
      22.8229792971908,
      31.00915343894444,
      9.254742351897207,
      25.271609367034777,
      25.53919679629725,
      24.01925435978394,
      40.143138417418236,
      34.572332420593206,
      6.456225832481391,
      28.008064070906435,
      23.499912255155337,
      20.603196062747156,
      32.47933773955374,
      19.423538426352696,
      0.0,
      36.83368721700286,
      24.686514577801375,
      32.93450429261081,
      18.849664187990193,
      23.286208493440913,
      15.349460348820083,
      20.713783551056043,
      7.738478468019405,
      34.05328179485789,
      12.780002503912112,
      35.69803575828787,
      18.03496839476022,
      18.83508624880704,
      14.002196470554178,
      28.149427631836495,
      10.933179683879704,
      34.15363948395544,
      27.03704675070855,
      30.130597869939454,
      29.787262730905635
    ],
    [
      17.755515255829668,
      14.929595607383341,
      5.630719048221107,
      21.38826278593005,
      29.063093882104155,
      3.5016917340051497,
      43.06449685065414,
      12.889928820594784,
      12.644350200781378,
      11.751009148154044,
      27.96103832120689,
      25.331600581092385,
      14.179241199725743,
      7.340926508282175,
      44.95115769365679,
      11.649486040165035,
      29.770238729308176,
      12.319881898784583,
      15.307045077349189,
      20.016293812791623,
      7.188810193627321,
      2.453934188196578,
      30.377481297829807,
      12.027580346852812,
      21.667896298441157,
      16.231000277247244,
      7.747132759931246,
      23.094901623518556,
      36.83368721700286,
      0.0,
      21.446434202449602,
      17.09069410527261,
      18.138236132546073,
      15.196864018605948,
      30.226092850383427,
      20.833983128533056,
      29.20698548292857,
      5.142273913357782,
      24.05412850219272,
      11.502269558656675,
      21.275671199753017,
      18.00020910989647,
      23.502595090755406,
      24.139504758797358,
      26.561329861285184,
      2.7149136266187175,
      14.355714019163235,
      16.132631341476813,
      7.259022317089267
    ],
    [
      4.664553354824017,
      6.645802359384459,
      15.844737580660654,
      0.08015609770940545,
      19.299773314730924,
      24.101540801367864,
      21.623636627542556,
      11.854877688107964,
      28.33389383759317,
      14.668804586604866,
      13.253532208434095,
      5.975957161827716,
      20.799803196184325,
      20.880487398525926,
      24.093439812529876,
      10.306052833165568,
      15.435365431372206,
      11.289912754313026,
      6.476924656038544,
      1.874885063143868,
      20.451831898389933,
      20.42037847347595,
      19.664639584797882,
      9.491516475253047,
      1.1950004184099636,
      13.739113872444614,
      22.907431850820814,
      5.280552338534293,
      24.686514577801375,
      21.446434202449602,
      0.0,
      8.848719963926989,
      15.610858080195333,
      8.680147464185156,
      11.340176585926692,
      4.7151603366163455,
      19.71719698638729,
      22.401017499211946,
      15.891779321397589,
      13.743024594316932,
      21.01326326394832,
      14.098827327121924,
      12.480484766226029,
      4.6839310413369715,
      14.605752565342192,
      19.772493216587534,
      23.264639455620188,
      6.819801903281359,
      17.99211663479314
    ],
    [
      9.507010308188374,
      7.8642941196270115,
      11.873087972385278,
      8.769032443776227,
      26.72092013760005,
      20.408520818520874,
      28.342823077456487,
      4.424197102300028,
      27.319027453406903,
      15.897200917142612,
      21.57799307164594,
      14.807007158774525,
      22.42569000053286,
      19.615944866358078,
      31.99902631331147,
      6.142495421243712,
      23.795705599960684,
      12.474397981465875,
      8.490632249720866,
      8.987654922169632,
      13.531661575726755,
      17.07336668615771,
      27.371304042737897,
      8.469400923323914,
      9.889134087471964,
      17.436043846010485,
      21.44671035380484,
      13.713149966364405,
      32.93450429261081,
      17.09069410527261,
      8.848719963926989,
      0.0,
      19.90064433630228,
      11.813282905272354,
      20.18718682729221,
      12.22072092799766,
      27.089251632335657,
      19.9730860910376,
      22.470456804435464,
      6.304164496584774,
      25.401075449673385,
      18.59261157019099,
      19.597269529197174,
      8.523191010413885,
