{
  "activeRoutes": [],
  "benchmarkFamily": "synthetic-food",
  "capacity": 4,
  "constraints": {
    "capacity": 4,
    "pickupDelivery": true,
    "timeWindows": true
  },
  "depotNodeId": "0",
  "distanceMatrix": [
    [
      0.0,
      5.088878560154486,
      12.091049664938108,
      7.456719452949803,
      20.369820053206162,
      16.69240318228625,
      14.811811502986387,
      4.835326359202656,
      16.252168255343655,
      3.1811270015514928,
      6.786738318220322,
      9.52587801727484,
      1.9874938993617048,
      21.567647066845286,
      11.594138174094702,
      12.506197663558659,
      32.12805249310951,
      10.328899118492734,
      15.764638181702747,
      4.379331113309428,
      12.466463371782716,
      17.645717469119813,
      29.914615708713363,
      9.80293435660976,
      9.660797948409854,
      7.467180056755029,
      11.044073750206488,
      8.46089085144112,
      17.41873488517464,
      21.263032168531378,
      20.386747263847656,
      5.134030093406158,
      6.4144736339001325,
      5.393680932350375,
      29.81725574227112,
      8.314465707428228,
      15.59253106458345
    ],
    [
      5.088878560154486,
      0.0,
      11.674174274868431,
      12.273053817204582,
      17.52881171100882,
      14.960273426645657,
      11.475278340850817,
      9.087784878615913,
      16.766489555061902,
      3.308714554022452,
      11.84226743491296,
      10.011909558121266,
      5.787820747051515,
      20.378509096594875,
      8.625727157753136,
      15.273801262292242,
      30.367124131204786,
      8.444024751266426,
      11.172386763802981,
      8.162029772060379,
      16.822618404992728,
      15.7592290420566,
      26.52104315444625,
      14.606633048036773,
      12.820824622464814,
      5.724642958298801,
      15.65294381258682,
      12.9009796914808,
      12.378341165115785,
      20.06249700311505,
      25.464228890740046,
      7.399844592962751,
      10.335227380178917,
      6.840511457486203,
      34.90419351596596,
      13.155760145274767,
      12.566005729745626
    ],
    [
      12.091049664938108,
      11.674174274868431,
      0.0,
      13.356156071265412,
      10.409386389216223,
      26.62410039794772,
      7.860529880357933,
      16.581571246416907,
      5.35732143892823,
      13.62203380556662,
      16.221904604577105,
      2.8955472712425143,
      14.06752209879195,
      32.05133086160386,
      6.111679474579795,
      24.55523312860214,
      20.208898757725525,
      20.116745586699647,
      12.627559106969166,
      9.569012749495112,
      23.332180031021533,
      27.400828326895518,
      37.08491101512851,
      19.9147434831584,
      21.66314780912506,
      17.333193243023626,
      21.537306911496614,
      12.172994701387166,
      16.76634417516233,
      31.73539835893036,
      27.204881951590966,
      17.115088810754095,
      18.23503907316899,
      17.117505659411943,
      34.99060265271234,
      13.961748959209944,
      7.412814377818993
    ],
    [
      7.456719452949803,
      12.273053817204582,
      13.356156071265412,
      0.0,
      23.514272474393074,
      23.073310577374894,
      19.14930163217447,
      7.511942758035367,
      15.223443828516594,
      10.56274216290448,
      4.102280829002325,
      10.509604797517367,
      8.16759872912474,
      27.321884506746606,
      15.993349524099072,
      14.645155000886817,
      33.006434796869534,
      17.196886462380334,
      21.649964803666542,
      4.736196786452182,
      11.007881721748289,
      24.0833338638985,
      37.007554904370544,
      7.349199208077027,
      11.895301341285982,
      14.553204355055284,
      9.061233911559727,
      1.991219977802553,
      24.116265465448834,
      27.039653030318277,
      14.298191948634624,
      10.496773313737897,
      8.658324606989506,
      11.333908284435696,
      23.115464196074456,
      0.8867835136040811,
      19.455727434357215
    ],
    [
      20.369820053206162,
      17.52881171100882,
      10.409386389216223,
      23.514272474393074,
      0.0,
      30.708867009383464,
      6.16297468760014,
      25.201457616574483,
      12.264756173687266,
      20.57004735045595,
      25.86483887442564,
      13.070855557307635,
      22.11801295324695,
      36.26805477276111,
      8.95317446495934,
      32.55551678287414,
      13.64280982789103,
      25.001431199033387,
      10.004960869488697,
      19.240891091630868,
      32.632533612945224,
      31.22015688621696,
      37.438454161463454,
      29.485335287223712,
      29.86789098681057,
      22.86416998274812,
      30.992403230469233,
      22.50354534290097,
      14.186499004335074,
      35.9610317148994,
      37.57158688424006,
      24.648013713076356,
      26.779367897693177,
      24.270521893853044,
      45.37069046201523,
      24.19104737294357,
      4.963660342932424
    ],
    [
      16.69240318228625,
      14.960273426645657,
      26.62410039794772,
      23.073310577374894,
      30.708867009383464,
      0.0,
      24.63696872588022,
      15.791699876834038,
      31.7111571059777,
      13.803889343224979,
      20.02585441373227,
      24.892003937007566,
      15.193885612311291,
      5.575280082650554,
      22.640947771681294,
      13.33773114138983,
      44.24154478541635,
      6.578785982231073,
      21.48039285022507,
      21.071582973284187,
      19.327069953823838,
      1.0305304459354894,
      14.81519372131192,
      20.034722109378016,
      13.79208269261753,
      9.500099473163427,
      19.71844357448123,
      24.628790997529705,
      19.157042804149082,
      5.2639450035121,
      31.176455026189238,
      12.579888751495382,
      15.243143114200565,
      11.759591234392461,
      40.824571424572234,
      23.74455878722534,
      25.992180535691883
    ],
    [
      14.811811502986387,
      11.475278340850817,
      7.860529880357933,
      19.14930163217447,
      6.16297468760014,
      24.63696872588022,
      0.0,
      19.625093248186108,
      12.163551989447816,
      14.619348309688768,
      20.860608835793833,
      9.556937584812399,
      16.413918605866172,
      30.207803627539686,
      3.255893118638872,
      26.66029054605369,
      19.606612685520165,
      18.84370953395323,
      5.367464298903162,
      14.531580402695363,
      27.258602256902314,
      25.184928846435124,
      32.3293953082949,
      24.343295463022255,
      24.05964108211093,
      16.711142450472977,
      25.741569435448177,
      18.534265833854867,
      9.85937143026877,
      29.898401177989435,
      33.444391697263676,
      18.7375962439156,
      21.138302675475146,
      18.285464445837842,
      41.91008628003526,
      19.928238557383835,
      1.4170056457191673
    ],
    [
      4.835326359202656,
      9.087784878615913,
      16.581571246416907,
      7.511942758035367,
      25.201457616574483,
      15.791699876834038,
      19.625093248186108,
      0.0,
      20.21808027484311,
      5.940707870279437,
      4.270124119975904,
      13.838502989846846,
      3.326571959239728,
      19.82892899276207,
      16.420611224920957,
      8.08835415891268,
      36.756344894453264,
      10.475565664917575,
      20.215966857907148,
      7.482944073023664,
      7.766539512549976,
      16.816647763451552,
      30.149943747874563,
      5.716170133927085,
      5.155822533796137,
      8.359323238157504,
      6.582120327067864,
      9.31133529629344,
      21.317418605450335,
      19.55021370727185,
      17.177808038280084,
      3.4093978940569585,
      1.6540510874818795,
      4.447287375468337,
      26.901680114818106,
      8.074035731900125,
      20.425947860503317
    ],
    [
      16.252168255343655,
      16.766489555061902,
      5.35732143892823,
      15.223443828516594,
      12.264756173687266,
      31.7111571059777,
      12.163551989447816,
      20.21808027484311,
      0.0,
      18.310624347629435,
      18.846369676943088,
      6.879392778436189,
      18.225254922771313,
      37.05731313789493,
      11.216881251043,
      28.306160265920916,
      18.01543560394808,
      25.152829701645896,
      17.376468283284726,
      12.750901536754178,
      26.05816789415557,
      32.52402152256083,
      42.44179150318705,
      22.446137240068722,
      25.373011882707186,
      22.294652385717974,
      24.14839195474514,
      13.530709109281744,
      21.71691087608917,
      36.742570541539415,
      27.655549623900082,
      21.386128027298447,
      21.845338473001508,
      21.561893446541287,
      34.300078556761356,
      15.5691287167908,
      11.261133513106042
    ],
    [
      3.1811270015514928,
      3.308714554022452,
      13.62203380556662,
      10.56274216290448,
      20.57004735045595,
      13.803889343224979,
      14.619348309688768,
      5.940707870279437,
      18.310624347629435,
      0.0,
      9.225274088069146,
      11.433509391258658,
      2.822512533187404,
      18.8972591928036,
      11.617109666349887,
      12.044323185633973,
      33.07838526893355,
      7.304407025898817,
      14.463092684484879,
      7.427079237493024,
      13.591705485331858,
      14.721625589587589,
      26.747971773575664,
      11.600580890627851,
      9.526117362283548,
      4.381491640982559,
      12.519686337923966,
      11.63988938950882,
      15.376721171953402,
      18.58648568180656,
      22.79803704269295,
      4.128163271964912,
      7.0736514615861585,
      3.710960118352125,
      32.397445593750135,
      11.400172849566799,
      15.629633520975464
    ],
    [
      6.786738318220322,
      11.84226743491296,
      16.221904604577105,
      4.102280829002325,
      25.86483887442564,
      20.02585441373227,
      20.860608835793833,
      4.270124119975904,
      18.846369676943088,
      9.225274088069146,
      0.0,
      13.328714304088,
      6.418036226136469,
      23.86763710550335,
      17.607763884150653,
      10.572308215333116,
      36.295297904825084,
      14.708756711564712,
      22.438406093125245,
      6.684958937794604,
      7.220495827850054,
      21.05352782789621,
      34.41923026449023,
      3.693511743584959,
      7.892606286899155,
      12.432004866472667,
      5.3457605632875085,
      6.092938289528297,
      24.202454255715473,
      23.59895353612105,
      13.629852420330895,
      7.656028866194277,
      4.934459342217746,
      8.662157756586984,
      23.17418177627853,
      4.344803908118293,
      21.4122582181329
    ],
    [
      9.52587801727484,
      10.011909558121266,
      2.8955472712425143,
      10.509604797517367,
      13.070855557307635,
      24.892003937007566,
      9.556937584812399,
      13.838502989846846,
      6.879392778436189,
      11.433509391258658,
      13.328714304088,
      0.0,
      11.51326209203977,
      30.19925257353235,
      6.980654983595734,
      21.873729357382114,
      23.048646923409628,
      18.31963943422468,
      13.597327421225097,
      6.689904408883588,
      20.453534780081416,
      25.726211711015676,
      36.194035102486154,
      17.02197385734099,
      18.96100864933087,
      15.439568970667544,
      18.649266500321133,
      9.433546628919586,
      17.333115040292093,
      29.885045641591386,
      24.505054009326326,
      14.635064502761857,
      15.491731471982078,
      14.743876084666477,
      32.54437641129417,
      11.146638775882174,
      9.468365064782828
    ],
    [
      1.9874938993617048,
      5.787820747051515,
      14.06752209879195,
      8.16759872912474,
      22.11801295324695,
      15.193885612311291,
      16.413918605866172,
      3.326571959239728,
      18.225254922771313,
      2.822512533187404,
      6.418036226136469,
      11.51326209203977,
      0.0,
      19.88260355184904,
      13.24780087410737,
      10.58107366952901,
      34.05858876994172,
      9.063433400207668,
      16.89091083985704,
      6.049667842121582,
      11.09253699565614,
      16.175615011491836,
      28.849425730852946,
      8.84321491314104,
      7.781004112580848,
      6.3876663970498635,
      9.866662302926967,
      9.512667449248926,
      18.10199483482414,
      19.582751313336953,
      19.975525525001842,
      3.1753124255732734,
      4.733318920165851,
      3.5733292599479283,
      29.58230957853021,
      8.952132706791161,
      17.275297305690568
    ],
    [
      21.567647066845286,
      20.378509096594875,
      32.05133086160386,
      27.321884506746606,
      36.26805477276111,
      5.575280082650554,
      30.207803627539686,
      19.82892899276207,
      37.05731313789493,
      18.8972591928036,
      23.86763710550335,
      30.19925257353235,
      19.88260355184904,
      0.0,
      28.20685306800459,
      15.240237924651966,
      49.813676445329754,
      11.934684285727883,
      26.935579685612858,
      25.904967264986073,
      21.622560833536816,
      5.077296623204121,
      13.934089887753704,
      23.139313602611473,
      16.64644193213673,
      14.762697653206882,
      22.45780614841976,
      29.031358390540397,
      24.347339587724978,
      0.3161850723864082,
      33.49339899144307,
      16.958117024009475,
      18.936201308604645,
      16.320409614957587,
      42.82635977992994,
      27.90290400657251,
      31.565678275620815
    ],
    [
      11.594138174094702,
      8.625727157753136,
      6.111679474579795,
      15.993349524099072,
      8.95317446495934,
      22.640947771681294,
      3.255893118638872,
      16.420611224920957,
      11.216881251043,
      11.617109666349887,
      17.607763884150653,
      6.980654983595734,
      13.24780087410737,
      28.20685306800459,
      0.0,
      23.612463573291123,
      21.832907479307472,
      16.51816796742302,
      6.648648358877164,
      11.331474087690449,
      24.02143777961678,
      23.280656627337645,
      31.646728693500062,
      21.087815866039804,
      20.95374365119513,
      14.141095077821948,
      22.49118229440151,
      15.486423796344981,
      10.65850951118401,
      27.892906714790417,
      30.29028887283844,
      15.69857028522025,
      17.95549988165186,
      15.319630609123708,
      38.89118198255229,
      16.791239263377793,
      4.034169679128528
    ],
    [
      12.506197663558659,
      15.273801262292242,
      24.55523312860214,
      14.645155000886817,
      32.55551678287414,
      13.33773114138983,
      26.66029054605369,
      8.08835415891268,
      28.306160265920916,
      12.044323185633973,
      10.572308215333116,
      21.873729357382114,
      10.58107366952901,
      15.240237924651966,
      23.612463573291123,
      0.0,
      44.633006855913266,
      11.44910411342302,
      26.130518039258238,
      15.564000032125419,
      6.391193394038398,
      14.280901407124132,
      28.024605278219358,
      8.50134636395907,
      2.933405018063479,
      11.368973304568888,
      7.444341811066986,
      16.621412274533117,
      26.067078566651848,
      15.039163972774553,
      18.259435369145457,
      7.92294547501117,
      6.466956316537175,
      8.446210156040403,
      27.69971841012107,
      14.911344674441676,
      27.641470022413785
    ],
    [
      32.12805249310951,
      30.367124131204786,
      20.208898757725525,
      33.006434796869534,
      13.64280982789103,
      44.24154478541635,
      19.606612685520165,
      36.756344894453264,
      18.01543560394808,
      33.07838526893355,
      36.295297904825084,
      23.048646923409628,
      34.05858876994172,
      49.813676445329754,
      21.832907479307472,
      44.633006855913266,
      0.0,
      38.32097537902709,
      23.559216837577605,
      29.73031224188539,
      43.47677920453631,
      44.79017865559369,
      50.79624121920834,
      39.97934102758574,
      41.780198228347366,
      35.96928641216003,
      41.639410490543696,
      31.441748313349247,
      27.482701504764776,
      49.503962851472814,
      45.60688475438769,
      36.94354622934838,
      38.40589784134723,
      36.76224989034268,
      51.62761955581528,
      33.442585441320176,
      18.251279188045977
    ],
    [
      10.328899118492734,
      8.444024751266426,
      20.116745586699647,
      17.196886462380334,
      25.001431199033387,
      6.578785982231073,
      18.84370953395323,
      10.475565664917575,
      25.152829701645896,
      7.304407025898817,
      14.708756711564712,
      18.31963943422468,
      9.063433400207668,
      11.934684285727883,
      16.51816796742302,
      11.44910411342302,
      38.32097537902709,
      0.0,
      16.54873360713744,
      14.686876318673074,
      16.039996633416106,
      7.451219094886424,
      19.819776991681827,
      15.644504626225785,
      10.458558696111043,
      2.9391932566607415,
      15.822447345464607,
      18.572263647708645,
      15.352116857293657,
      11.61871610807322,
      27.23123399701159,
      7.066172514169177,
      10.464986048724572,
      6.046769137316219,
      37.008286977378454,
      17.94707901024565,
      20.129369637422823
    ],
    [
      15.764638181702747,
      11.172386763802981,
      12.627559106969166,
      21.649964803666542,
      10.004960869488697,
      21.48039285022507,
      5.367464298903162,
      20.215966857907148,
      17.376468283284726,
      14.463092684484879,
      22.438406093125245,
      13.597327421225097,
      16.89091083985704,
      26.935579685612858,
      6.648648358877164,
      26.130518039258238,
      23.559216837577605,
      16.54873360713744,
      0.0,
      16.918384083593804,
      27.97554739410831,
      21.85904229375112,
      27.461236097451987,
      25.561795887613222,
      23.87613859065155,
      15.108069532537906,
      26.728465874419356,
      21.482566071119162,
      4.505007436175883,
      26.63941628489634,
      35.76517195540936,
      18.454254414632963,
      21.50646249386449,
      17.74060328737442,
      44.76145767286852,
      22.5046011517645,
      6.6193868296089144
    ],
    [
      4.379331113309428,
      8.162029772060379,
      9.569012749495112,
      4.736196786452182,
      19.240891091630868,
      21.071582973284187,
      14.531580402695363,
      7.482944073023664,
      12.750901536754178,
      7.427079237493024,
      6.684958937794604,
      6.689904408883588,
      6.049667842121582,
      25.904967264986073,
      11.331474087690449,
      15.564000032125419,
      29.73031224188539,
      14.686876318673074,
      16.918384083593804,
      0.0,
      13.76435759488978,
      22.0247305091345,
      34.133121158194726,
      10.3674346392924,
      12.630774560572286,
      11.794496386026834,
      11.97248311754917,
      4.818892092587259,
      19.502138241741598,
      25.60260494559099,
      18.98469343971611,
      9.155123702058866,
      9.098419917765938,
      9.621459400735421,
      27.843183312976265,
      5.586218488387289,
      14.938804035129454
    ],
    [
      12.466463371782716,
      16.822618404992728,
      23.332180031021533,
      11.007881721748289,
      32.632533612945224,
      19.327069953823838,
      27.258602256902314,
      7.766539512549976,
      26.05816789415557,
      13.591705485331858,
      7.220495827850054,
      20.453534780081416,
      11.09253699565614,
      21.622560833536816,
      24.02143777961678,
      6.391193394038398,
      43.47677920453631,
      16.039996633416106,
      27.97554739410831,
      13.76435759488978,
      0.0,
      20.316429459922336,
      34.1308145229498,
      3.6592044217288575,
      5.6689013044857335,
      14.896240767388264,
      1.951509159599313,
      12.930336925231302,
      28.89108069975923,
      21.416402872564763,
      11.91888086189303,
      10.019617258159117,
      6.5284182617231306,
      11.003358260094966,
      21.49867049377705,
      10.918802727405604,
      27.97680671556352
    ],
    [
      17.645717469119813,
      15.7592290420566,
      27.400828326895518,
      24.0833338638985,
      31.22015688621696,
      1.0305304459354894,
      25.184928846435124,
      16.816647763451552,
      32.52402152256083,
      14.721625589587589,
      21.05352782789621,
      25.726211711015676,
      16.175615011491836,
      5.077296623204121,
      23.280656627337645,
      14.280901407124132,
      44.79017865559369,
      7.451219094886424,
      21.85904229375112,
      22.0247305091345,
      20.316429459922336,
      0.0,
      13.81604002599877,
      21.059510939240734,
      14.800325536960328,
      10.387299986040645,
      20.7307802554559,
      25.626972607001402,
      19.351491157014234,
      4.780390151441617,
      32.17870657748693,
      13.593510216276002,
      16.273650881102252,
      12.761733620476491,
      41.8150980508237,
      24.75922302900477,
      26.55341032711241
    ],
    [
      29.914615708713363,
      26.52104315444625,
      37.08491101512851,
      37.007554904370544,
      37.438454161463454,
      14.81519372131192,
      32.3293953082949,
      30.149943747874563,
      42.44179150318705,
      26.747971773575664,
      34.41923026449023,
      36.194035102486154,
      28.849425730852946,
      13.934089887753704,
      31.646728693500062,
      28.024605278219358,
      50.79624121920834,
      19.819776991681827,
      27.461236097451987,
      34.133121158194726,
      34.1308145229498,
      13.81604002599877,
      0.0,
      34.77747985406649,
      28.605422038487742,
      22.493814727609013,
      34.524796538140535,
      38.31707281356446,
      23.319612089398056,
      13.979633328524754,
      45.99164868756066,
      26.77617989930603,
      29.832052979974417,
      25.810798302261016,
      55.62911235135791,
      37.765403228351744,
      33.731599102325404
    ],
    [
      9.80293435660976,
      14.606633048036773,
      19.9147434831584,
      7.349199208077027,
      29.485335287223712,
      20.034722109378016,
      24.343295463022255,
      5.716170133927085,
      22.446137240068722,
      11.600580890627851,
      3.693511743584959,
      17.02197385734099,
      8.84321491314104,
      23.139313602611473,
      21.087815866039804,
      8.50134636395907,
      39.97934102758574,
      15.644504626225785,
      25.561795887613222,
      10.3674346392924,
      3.6592044217288575,
      21.059510939240734,
      34.77747985406649,
      0.0,
      6.493852862515448,
      13.893606155350744,
      1.712963805805597,
      9.273380829018077,
      26.94513791020562,
      22.899624210890458,
      11.607491115654575,
      8.81099137441412,
      5.196492855763397,
      9.880416590407517,
      21.380421183877548,
      7.271825767989768,
      24.958924996882377
    ],
    [
      9.660797948409854,
      12.820824622464814,
      21.66314780912506,
      11.895301341285982,
      29.86789098681057,
      13.79208269261753,
      24.05964108211093,
      5.155822533796137,
      25.373011882707186,
      9.526117362283548,
      7.892606286899155,
      18.96100864933087,
      7.781004112580848,
      16.64644193213673,
      20.95374365119513,
      2.933405018063479,
      41.780198228347366,
      10.458558696111043,
      23.87613859065155,
      12.630774560572286,
      5.6689013044857335,
      14.800325536960328,
      28.605422038487742,
      6.493852862515448,
      0.0,
      9.672714045189178,
      5.938414771637298,
      13.849663425513276,
      24.185284823627775,
      16.408317220239255,
      17.390731008212395,
      5.430072191048659,
      3.5353292633077387,
      6.1663941651503285,
      27.07926485338921,
      12.230638781355621,
      24.987911717468506
    ],
    [
      7.467180056755029,
      5.724642958298801,
      17.333193243023626,
      14.553204355055284,
      22.86416998274812,
      9.500099473163427,
      16.711142450472977,
      8.359323238157504,
      22.294652385717974,
      4.381491640982559,
      12.432004866472667,
      15.439568970667544,
      6.3876663970498635,
      14.762697653206882,
      14.141095077821948,
      11.368973304568888,
      35.96928641216003,
      2.9391932566607415,
      15.108069532537906,
      11.794496386026834,
      14.896240767388264,
      10.387299986040645,
      22.493814727609013,
      13.893606155350744,
      9.672714045189178,
      0.0,
      14.348899922990615,
      15.82345866111452,
      14.700114727443458,
      14.448027720073076,
      25.48017288010425,
      5.083201451841154,
      8.733845544775795,
      4.016167825178623,
      35.2322641055042,
      15.339410484109226,
      17.925016959545673
    ],
    [
      11.044073750206488,
      15.65294381258682,
      21.537306911496614,
      9.061233911559727,
      30.992403230469233,
      19.71844357448123,
      25.741569435448177,
      6.582120327067864,
      24.14839195474514,
      12.519686337923966,
      5.3457605632875085,
      18.649266500321133,
      9.866662302926967,
      22.45780614841976,
      22.49118229440151,
      7.444341811066986,
      41.639410490543696,
      15.822447345464607,
      26.728465874419356,
      11.97248311754917,
      1.951509159599313,
      20.7307802554559,
      34.524796538140535,
      1.712963805805597,
      5.938414771637298,
      14.348899922990615,
      0.0,
      10.979313320968664,
      27.894831420892295,
      22.233004025547253,
      11.513672958704356,
      9.308888762897535,
      5.656446676138653,
      10.352634495624777,
      21.25990651437583,
      8.967615346344866,
      26.404799753075196
    ],
    [
      8.46089085144112,
      12.9009796914808,
      12.172994701387166,
      1.991219977802553,
      22.50354534290097,
      24.628790997529705,
      18.534265833854867,
      9.31133529629344,
      13.530709109281744,
      11.63988938950882,
      6.092938289528297,
      9.433546628919586,
      9.512667449248926,
      29.031358390540397,
      15.486423796344981,
      16.621412274533117,
      31.441748313349247,
      18.572263647708645,
      21.482566071119162,
      4.818892092587259,
      12.930336925231302,
      25.626972607001402,
      38.31707281356446,
      9.273380829018077,
      13.849663425513276,
      15.82345866111452,
      10.979313320968664,
      0.0,
      24.267828683258834,
      28.744101046997457,
      15.073045412258265,
      12.10770486095528,
      10.551885613481602,
      12.870586622217346,
      23.405023093344727,
      2.059044924230649,
      18.702902154478593
    ],
    [
      17.41873488517464,
      12.378341165115785,
      16.76634417516233,
      24.116265465448834,
      14.186499004335074,
      19.157042804149082,
      9.85937143026877,
      21.317418605450335,
      21.71691087608917,
      15.376721171953402,
      24.202454255715473,
      17.333115040292093,
      18.10199483482414,
      24.347339587724978,
      10.65850951118401,
      26.067078566651848,
      27.482701504764776,
      15.352116857293657,
      4.505007436175883,
      19.502138241741598,
      28.89108069975923,
      19.351491157014234,
      23.319612089398056,
      26.94513791020562,
      24.185284823627775,
      14.700114727443458,
      27.894831420892295,
      24.267828683258834,
      0.0,
      24.070311838445303,
      37.79739579653603,
      18.947638639155016,
      22.368469706262875,
      18.061086041542463,
      47.11854141418217,
      24.99784880744741,
      11.124308967302191
    ],
    [
      21.263032168531378,
      20.06249700311505,
      31.73539835893036,
      27.039653030318277,
      35.9610317148994,
      5.2639450035121,
      29.898401177989435,
      19.55021370727185,
      36.742570541539415,
      18.58648568180656,
      23.59895353612105,
      29.885045641591386,
      19.582751313336953,
      0.3161850723864082,
      27.892906714790417,
      15.039163972774553,
      49.503962851472814,
      11.61871610807322,
      26.63941628489634,
      25.60260494559099,
      21.416402872564763,
      4.780390151441617,
      13.979633328524754,
      22.899624210890458,
      16.408317220239255,
      14.448027720073076,
      22.233004025547253,
      28.744101046997457,
      24.070311838445303,
      0.0,
      33.296465352947,
      16.66582329199491,
      18.66904627987194,
      16.022237827469674,
      42.64885664352563,
      27.6242240253007,
      31.25544115830074
    ],
    [
      20.386747263847656,
      25.464228890740046,
      27.204881951590966,
      14.298191948634624,
      37.57158688424006,
      31.176455026189238,
      33.444391697263676,
      17.177808038280084,
      27.655549623900082,
      22.79803704269295,
      13.629852420330895,
      24.505054009326326,
      19.975525525001842,
      33.49339899144307,
      30.29028887283844,
      18.259435369145457,
      45.60688475438769,
      27.23123399701159,
      35.76517195540936,
      18.98469343971611,
      11.91888086189303,
      32.17870657748693,
      45.99164868756066,
      11.607491115654575,
      17.390731008212395,
      25.48017288010425,
      11.513672958704356,
      15.073045412258265,
      37.79739579653603,
      33.296465352947,
      0.0,
      20.404631165497698,
      16.80368745246114,
      21.475512985724,
      9.777158073796292,
      13.518583505678397,
      33.71336098641012
    ],
    [
      5.134030093406158,
      7.399844592962751,
      17.115088810754095,
      10.496773313737897,
      24.648013713076356,
      12.579888751495382,
      18.7375962439156,
      3.4093978940569585,
      21.386128027298447,
      4.128163271964912,
      7.656028866194277,
      14.635064502761857,
      3.1753124255732734,
      16.958117024009475,
      15.69857028522025,
      7.92294547501117,
      36.94354622934838,
      7.066172514169177,
      18.454254414632963,
      9.155123702058866,
      10.019617258159117,
      13.593510216276002,
      26.77617989930603,
      8.81099137441412,
      5.430072191048659,
      5.083201451841154,
      9.308888762897535,
      12.10770486095528,
      18.947638639155016,
      16.66582329199491,
      20.404631165497698,
      0.0,
      3.6623414641455803,
      1.0709981325847424,
      30.164654564572754,
      11.16579979222268,
      19.72385560685334
    ],
    [
      6.4144736339001325,
      10.335227380178917,
      18.23503907316899,
      8.658324606989506,
      26.779367897693177,
      15.243143114200565,
      21.138302675475146,
      1.6540510874818795,
      21.845338473001508,
      7.0736514615861585,
      4.934459342217746,
      15.491731471982078,
      4.733318920165851,
      18.936201308604645,
      17.95549988165186,
      6.466956316537175,
      38.40589784134723,
      10.464986048724572,
      21.50646249386449,
      9.098419917765938,
      6.5284182617231306,
      16.273650881102252,
      29.832052979974417,
      5.196492855763397,
      3.5353292633077387,
      8.733845544775795,
      5.656446676138653,
      10.551885613481602,
      22.368469706262875,
      18.66904627987194,
      16.80368745246114,
      3.6623414641455803,
      0.0,
      4.71973410267994,
      26.576853162103294,
      9.112084503558995,
      21.973990466003208
    ],
    [
      5.393680932350375,
      6.840511457486203,
      17.117505659411943,
      11.333908284435696,
      24.270521893853044,
      11.759591234392461,
      18.285464445837842,
      4.447287375468337,
      21.561893446541287,
      3.710960118352125,
      8.662157756586984,
      14.743876084666477,
      3.5733292599479283,
      16.320409614957587,
      15.319630609123708,
      8.446210156040403,
      36.76224989034268,
      6.046769137316219,
      17.74060328737442,
      9.621459400735421,
      11.003358260094966,
      12.761733620476491,
      25.810798302261016,
      9.880416590407517,
      6.1663941651503285,
      4.016167825178623,
      10.352634495624777,
      12.870586622217346,
      18.061086041542463,
      16.022237827469674,
      21.475512985724,
      1.0709981325847424,
      4.71973410267994,
      0.0,
      31.23561790648618,
      12.03529750359334,
      19.322967396339514
    ],
    [
      29.81725574227112,
      34.90419351596596,
      34.99060265271234,
      23.115464196074456,
      45.37069046201523,
      40.824571424572234,
      41.91008628003526,
      26.901680114818106,
      34.300078556761356,
      32.397445593750135,
      23.17418177627853,
      32.54437641129417,
      29.58230957853021,
      42.82635977992994,
      38.89118198255229,
      27.69971841012107,
      51.62761955581528,
      37.008286977378454,
      44.76145767286852,
      27.843183312976265,
      21.49867049377705,
      41.8150980508237,
      55.62911235135791,
      21.380421183877548,
      27.07926485338921,
      35.2322641055042,
      21.25990651437583,
      23.405023093344727,
      47.11854141418217,
      42.64885664352563,
      9.777158073796292,
      30.164654564572754,
      26.576853162103294,
      31.23561790648618,
      0.0,
      22.25706629365155,
      41.98988479384053
    ],
    [
      8.314465707428228,
      13.155760145274767,
      13.961748959209944,
      0.8867835136040811,
      24.19104737294357,
      23.74455878722534,
      19.928238557383835,
      8.074035731900125,
      15.5691287167908,
      11.400172849566799,
      4.344803908118293,
      11.146638775882174,
      8.952132706791161,
      27.90290400657251,
      16.791239263377793,
      14.911344674441676,
      33.442585441320176,
      17.94707901024565,
      22.5046011517645,
      5.586218488387289,
      10.918802727405604,
      24.75922302900477,
      37.765403228351744,
      7.271825767989768,
      12.230638781355621,
      15.339410484109226,
      8.967615346344866,
      2.059044924230649,
      24.99784880744741,
      27.6242240253007,
      13.518583505678397,
      11.16579979222268,
      9.112084503558995,
      12.03529750359334,
      22.25706629365155,
      0.0,
      20.202879126500754
    ],
    [
      15.59253106458345,
      12.566005729745626,
      7.412814377818993,
      19.455727434357215,
      4.963660342932424,
      25.992180535691883,
      1.4170056457191673,
      20.425947860503317,
      11.261133513106042,
      15.629633520975464,
      21.4122582181329,
      9.468365064782828,
      17.275297305690568,
      31.565678275620815,
      4.034169679128528,
      27.641470022413785,
      18.251279188045977,
      20.129369637422823,
      6.6193868296089144,
      14.938804035129454,
      27.97680671556352,
      26.55341032711241,
      33.731599102325404,
      24.958924996882377,
      24.987911717468506,
      17.925016959545673,
      26.404799753075196,
      18.702902154478593,
      11.124308967302191,
      31.25544115830074,
      33.71336098641012,
      19.72385560685334,
      21.973990466003208,
      19.322967396339514,
      41.98988479384053,
      20.202879126500754,
      0.0
    ]
  ],
  "drivers": [
    {
      "capacity": 4,
      "driverId": "driver-01"
    },
    {
      "capacity": 4,
      "driverId": "driver-02"
    },
    {
      "capacity": 4,
      "driverId": "driver-03"
    },
    {
      "capacity": 4,
      "driverId": "driver-04"
    },
    {
      "capacity": 4,
      "driverId": "driver-05"
    },
    {
      "capacity": 4,
      "driverId": "driver-06"
    },
    {
      "capacity": 4,
      "driverId": "driver-07"
    }
  ],
  "durationMatrix": [
    [
      0.0,
      6.1066542721853825,
      14.509259597925729,
      8.948063343539763,
      24.443784063847392,
      20.030883818743497,
      17.774173803583665,
      5.802391631043188,
      19.502601906412384,
      3.817352401861791,
      8.144085981864386,
      11.431053620729807,
      2.384992679234046,
      25.881176480214343,
      13.912965808913642,
      15.00743719627039,
      38.55366299173141,
      12.39467894219128,
      18.917565818043297,
      5.255197335971314,
      14.959756046139258,
      21.174860962943775,
      35.89753885045604,
      11.763521227931713,
      11.592957538091825,
      8.960616068106035,
      13.252888500247785,
      10.153069021729342,
      20.902481862209566,
      25.515638602237654,
      24.46409671661719,
      6.160836112087389,
      7.697368360680159,
      6.4724171188204505,
      35.78070689072534,
      9.977358848913873,
      18.71103727750014
    ],
    [
      6.1066542721853825,
      0.0,
      14.009009129842116,
      14.727664580645499,
      21.034574053210584,
      17.952328111974786,
      13.77033400902098,
      10.905341854339095,
      20.119787466074282,
      3.9704574648269424,
      14.210720921895552,
      12.014291469745519,
      6.9453848964618174,
      24.45421091591385,
      10.350872589303764,
      18.32856151475069,
      36.44054895744574,
      10.13282970151971,
      13.406864116563577,
      9.794435726472454,
      20.187142085991272,
      18.91107485046792,
      31.8252517853355,
      17.52795965764413,
      15.384989546957776,
      6.869571549958562,
      18.783532575104182,
      15.481175629776958,
      14.854009398138942,
      24.07499640373806,
      30.557074668888053,
      8.8798135115553,
      12.4022728562147,
      8.208613748983444,
      41.88503221915915,
      15.78691217432972,
      15.079206875694751
    ],
    [
      14.509259597925729,
      14.009009129842116,
      0.0,
      16.027387285518493,
      12.491263667059467,
      31.948920477537264,
      9.432635856429519,
      19.897885495700287,
      6.428785726713876,
      16.34644056667994,
      19.466285525492527,
      3.474656725491017,
      16.88102651855034,
      38.461597033924626,
      7.334015369495753,
      29.466279754322567,
      24.250678509270628,
      24.140094704039576,
      15.153070928362999,
      11.482815299394135,
      27.99861603722584,
      32.88099399227462,
      44.501893218154216,
      23.89769217979008,
      25.995777370950073,
      20.79983189162835,
      25.844768293795937,
      14.607593641664598,
      20.119613010194797,
      38.08247803071643,
      32.64585834190916,
      20.538106572904912,
      21.88204688780279,
      20.541006791294333,
      41.988723183254805,
      16.75409875105193,
      8.895377253382792
    ],
    [
      8.948063343539763,
      14.727664580645499,
      16.027387285518493,
      0.0,
      28.21712696927169,
      27.687972692849872,
      22.979161958609364,
      9.01433130964244,
      18.26813259421991,
      12.675290595485375,
      4.92273699480279,
      12.611525757020841,
      9.801118474949687,
      32.786261408095925,
      19.192019428918886,
      17.57418600106418,
      39.60772175624344,
      20.6362637548564,
      25.97995776439985,
      5.683436143742618,
      13.209458066097946,
      28.900000636678197,
      44.40906588524465,
      8.819039049692432,
      14.27436160954318,
      17.46384522606634,
      10.873480693871672,
      2.3894639733630636,
      28.939518558538598,
      32.44758363638193,
      17.15783033836155,
      12.596127976485477,
      10.389989528387407,
      13.600689941322834,
      27.738557035289347,
      1.0641402163248974,
      23.346872921228655
    ],
    [
      24.443784063847392,
      21.034574053210584,
      12.491263667059467,
      28.21712696927169,
      0.0,
      36.85064041126016,
      7.395569625120167,
      30.24174913988938,
      14.717707408424719,
      24.68405682054714,
      31.037806649310767,
      15.685026668769162,
      26.541615543896338,
      43.521665727313334,
      10.743809357951207,
      39.06662013944897,
      16.371371793469237,
      30.001717438840064,
      12.005953043386436,
      23.08906930995704,
      39.159040335534264,
      37.46418826346035,
      44.92614499375615,
      35.382402344668456,
      35.84146918417268,
      27.437003979297742,
      37.19088387656308,
      27.004254411481163,
      17.023798805202087,
      43.15323805787928,
