{
  "activeRoutes": [],
  "benchmarkFamily": "synthetic-food",
  "capacity": 4,
  "constraints": {
    "capacity": 4,
    "pickupDelivery": true,
    "timeWindows": true
  },
  "depotNodeId": "0",
  "distanceMatrix": [
    [
      0.0,
      0.5086305142242256,
      1.2090144746858904,
      0.745564215879491,
      2.0365681918364533,
      1.6693675449103473,
      1.4807339396393937,
      0.4834976732105338,
      1.6248679946383333,
      0.3182011942152327,
      0.6789646529827603,
      0.9521113380272285,
      0.19906029237394413,
      2.1569258216266967,
      1.1593985509737366,
      1.2504095329131173,
      3.2129221901564944,
      1.0331877854485116,
      1.5768110222851692,
      0.43807077053827764,
      1.24680150785921,
      1.7646671074171465,
      2.991663249765922,
      0.9801520290240694,
      0.9660165630050033,
      0.7465929279065,
      1.1043101919297853,
      0.8455294199494182,
      1.7423116827938683,
      2.12607619807005,
      2.038853844688236,
      0.5129873292782191,
      0.6409555366794177,
      0.5393709298803566,
      2.9812809327535708,
      0.8310487350330308,
      1.5587905568099905
    ],
    [
      0.5086305142242256,
      0.0,
      1.166921162718373,
      1.226876114365261,
      1.752138407774911,
      1.4966646250914064,
      1.1468722683891173,
      0.9086390922693125,
      1.6758093566990246,
      0.33118725820900813,
      1.18427868341873,
      1.000134490956091,
      0.5792495144581482,
      2.038560766815648,
      0.8620835226357132,
      1.5272108564307683,
      3.0364255301258427,
      0.8452561741862642,
      1.1176206869953687,
      0.8162309722131356,
      1.6824199832384303,
      1.5764342675798442,
      2.6527604490417143,
      1.4603907011481554,
      1.2822624536342004,
      0.5730636962851515,
      1.5651428049861775,
      1.2891877287656748,
      1.2384445889905613,
      2.0064030003964803,
      2.5463719288430746,
      0.7399844592962749,
      1.032947723749852,
      0.6846546574733868,
      3.4897061480875435,
      1.3147977030707048,
      1.2558427449326608
    ],
    [
      1.2090144746858904,
      1.166921162718373,
      0.0,
      1.3356084755646018,
      1.0408698285568665,
      2.6625476521557316,
      0.7859090278142886,
      1.6580500595579133,
      0.5353727673313239,
      1.3624243098242195,
      1.6224774266534492,
      0.28967568071897215,
      1.4070184789120577,
      3.205346315142874,
      0.6116772024524044,
      2.4552392958732145,
      2.0211494254507767,
      2.012034045437601,
      1.262906568198931,
      0.9572888801192662,
      2.3331665178465077,
      2.740079195935767,
      3.708612274153231,
      1.9912252509447543,
      2.1661117238037373,
      1.733409645756017,
      2.153441199568727,
      1.2171129775004446,
      1.677198259002197,
      3.1732009076010295,
      2.720473671991699,
      1.7110651653283107,
      1.8229876576652955,
      1.7118554261385512,
      3.4984842432116223,
      1.3956597006433906,
      0.7412475969606918
    ],
    [
      0.745564215879491,
      1.226876114365261,
      1.3356084755646018,
      0.0,
      2.3512422248675273,
      2.3072429434283683,
      1.9145738429217087,
      0.7510659092250166,
      1.5222595048151282,
      1.0561865365549785,
      0.41033279176785253,
      1.0509433857254158,
      0.8163338777730594,
      2.7320660680151936,
      1.5995652534360705,
      1.464312125197357,
      3.3010127233926267,
      1.719756087356576,
      2.165288202526398,
      0.47300317123672664,
      1.1005525884754441,
      2.408282375470119,
      3.7008195038396563,
      0.7346209907156209,
      1.1890037846869956,
      1.4549601369109741,
      0.9057091144512124,
      0.1988818744883508,
      2.4120704798989605,
      2.7036112886285997,
      1.429915032440739,
      1.0489966634837309,
      0.8655830404992929,
      1.1328940815451378,
      2.3110954112714603,
      0.08829496021857666,
      1.945286097210382
    ],
    [
      2.0365681918364533,
      1.752138407774911,
      1.0408698285568665,
      2.3512422248675273,
      0.0,
      3.0705507649280124,
      0.6161728653551699,
      2.519703157119902,
      1.2264102086985416,
      2.0568388366617354,
      2.586536100656629,
      1.3068810198330987,
      2.211864598025838,
      3.6266172943943236,
      0.8949888267458985,
      3.2548256481722646,
      1.364768478533997,
      2.5000337997715154,
      0.9996744470076253,
      1.9243554765167477,
      3.2629882010206535,
      3.1214336449778974,
      3.743328064703921,
      2.9480407052820694,
      2.9863506157181208,
      2.2862101828134707,
      3.0987315146685424,
      2.2500084444285977,
      1.4184526780968059,
      3.595203749441748,
      3.757041522261898,
      2.4641270259465116,
      2.6770181172341743,
      2.4269563242876875,
      4.536458751052411,
      2.418425934363093,
      0.49638090213061187
    ],
    [
      1.6693675449103473,
      1.4966646250914064,
      2.6625476521557316,
      2.3072429434283683,
      3.0705507649280124,
      0.0,
      2.463553733938028,
      1.57915483724681,
      3.170919109658901,
      1.3803188037551322,
      2.0026075501705276,
      2.4888005143040286,
      1.51960290865739,
      0.5576602908581534,
      2.2639525171699164,
      1.3333206666064998,
      4.424340063783525,
      0.6576602466319522,
      2.148631424884221,
      2.1074178513052417,
      1.933006466621361,
      0.10316006979446982,
      1.4817992441623118,
      2.0034275629530507,
      1.3796289356200098,
      0.950133148563926,
      1.971981997889433,
      2.4623996426250554,
      1.9159650309961298,
      0.5258478867505315,
      3.1178551922756133,
      1.2585737960088,
      1.5241062955056646,
      1.1763388117375024,
      4.082059284233878,
      2.3742792590594735,
      2.59892901018862
    ],
    [
      1.4807339396393937,
      1.1468722683891173,
      0.7859090278142886,
      1.9145738429217087,
      0.6161728653551699,
      2.463553733938028,
      0.0,
      1.9620196227357156,
      1.2159790294244388,
      1.461788288364632,
      2.0860009587725505,
      0.9551465856087219,
      1.6414682452000102,
      3.0207803627539693,
      0.3250846043724617,
      2.6652926668566814,
      1.9609803670613337,
      1.884403884521575,
      0.53665631459995,
      1.4533660929029546,
      2.7255577410871337,
      2.5181280745823873,
      3.232808376628593,
      2.4337471109381927,
      2.4055521195767096,
      1.6710146618147912,
      2.5735928193869357,
      1.8528057102675384,
      0.986351357275895,
      2.9891445264489973,
      3.3441725433954512,
      1.8731377418652373,
      2.1128580169997226,
      1.8285130571040507,
      4.1901748173554765,
      1.9919771585035808,
      0.14150971698084924
    ],
    [
      0.4834976732105338,
      0.9086390922693125,
      1.6580500595579133,
      0.7510659092250166,
      2.519703157119902,
      1.57915483724681,
      1.9620196227357156,
      0.0,
      2.021494991336857,
      0.593809733837363,
      0.42710771475120957,
      1.3834428069132456,
      0.332031624999788,
      1.9828779589273764,
      1.6419966504228931,
      0.8086890626192489,
      3.6757591052733596,
      1.0475939098715679,
      2.0219003437360605,
      0.7480427795253431,
      0.7768989638299177,
      1.6817193582759276,
      3.015143943495898,
      0.5715732673944787,
      0.5154046953608391,
      0.8354980550545882,
      0.6582377989754157,
      0.9306395650304154,
      2.1320600366781424,
      1.9547935952422182,
      1.7180701382656067,
      0.3404144532771775,
      0.16500303027520438,
      0.44413624035874394,
      2.6898315932414807,
      0.8072719492215753,
      2.0420935336071167
    ],
    [
      1.6248679946383333,
      1.6758093566990246,
      0.5353727673313239,
      1.5222595048151282,
      1.2264102086985416,
      3.170919109658901,
      1.2159790294244388,
      2.021494991336857,
      0.0,
      1.8309713269191303,
      1.8847453408882586,
      0.6881220821918158,
      1.8224327148073258,
      3.7056018404572284,
      1.1218257440440558,
      2.830159006133754,
      1.801989178657853,
      2.5153101200448424,
      1.737367261116659,
      1.2750850951995314,
      2.605539099687433,
      3.2520790273300553,
      4.243942153234419,
      2.2442214685721193,
      2.5368027120767582,
      2.2291982863801056,
      2.414358092744321,
      1.353007021415631,
      2.171878910068423,
      3.6736123910940846,
      2.7654773548159812,
      2.1378493866500508,
      2.1838763701272104,
      2.155927874489312,
      3.429500255139223,
      1.5563836288010735,
      1.1259307261106253
    ],
    [
      0.3182011942152327,
      0.33118725820900813,
      1.3624243098242195,
      1.0561865365549785,
      2.0568388366617354,
      1.3803188037551322,
      1.461788288364632,
      0.593809733837363,
      1.8309713269191303,
      0.0,
      0.9226510716408455,
      1.143083549002434,
      0.2826605738337063,
      1.889683835989502,
      1.161871335389595,
      1.2038405209993555,
      3.3082177981505403,
      0.730581275423891,
      1.446936418782802,
      0.7430921880897424,
      1.3591651849572957,
      1.4720387223167732,
      2.6748788757624142,
      1.1597629068046624,
      0.9524116756949168,
      0.4379052408912228,
      1.2517351956384382,
      1.1635067683516072,
      1.538251604907338,
      1.8581549989169357,
      2.2798835496577454,
      0.4123784669451108,
      0.7065776673515801,
      0.37113474641967986,
      3.2392159545173893,
      1.1396639855676767,
      1.5627667772255722
    ],
    [
      0.6789646529827603,
      1.18427868341873,
      1.6224774266534492,
      0.41033279176785253,
      2.586536100656629,
      2.0026075501705276,
      2.0860009587725505,
      0.42710771475120957,
      1.8847453408882586,
      0.9226510716408455,
      0.0,
      1.3330135033074493,
      0.641512275798367,
      2.3866784450361136,
      1.7612382008121445,
      1.0569791861716107,
      3.6301190063137057,
      1.471073757498243,
      2.2445043996392613,
      0.6683509557111446,
      0.721668206310906,
      2.105456957527273,
      3.442175184385594,
      0.3688156721182008,
      0.788683079569988,
      1.2430004022525498,
      0.5339850185164371,
      0.6091543318404623,
      2.4209644772280328,
      2.3596535762691944,
      1.3629123229320366,
      0.765182984651384,
      0.4934257796264809,
      0.865805982885312,
      2.3167617486483154,
      0.43468724388921315,
      2.1411970950848964
    ],
    [
      0.9521113380272285,
      1.000134490956091,
      0.28967568071897215,
      1.0509433857254158,
      1.3068810198330987,
      2.4888005143040286,
      0.9551465856087219,
      1.3834428069132456,
      0.6881220821918158,
      1.143083549002434,
      1.3330135033074493,
      0.0,
      1.1511563751289395,
      3.0195961650525387,
      0.6981009955586651,
      2.1867747940745974,
      2.3053591911023332,
      1.8317873784912917,
      1.3595238136936034,
      0.6691741178497561,
      2.04511368877136,
      2.5721045857429665,
      3.6189789996627497,
      1.7018019861311715,
      1.8955526898506403,
      1.5434821022609881,
      1.8644723114060981,
      0.9432136555415209,
      1.7333903195760612,
      2.987671333999106,
      2.4506025789588977,
      1.4626250373899659,
      1.5483733399926518,
      1.474000339212987,
      3.2540743691563043,
      1.114167850909368,
      0.9464459836673192
    ],
    [
      0.19906029237394413,
      0.5792495144581482,
      1.4070184789120577,
      0.8163338777730594,
      2.211864598025838,
      1.51960290865739,
      1.6414682452000102,
      0.332031624999788,
      1.8224327148073258,
      0.2826605738337063,
      0.641512275798367,
      1.1511563751289395,
      0.0,
      1.9884023737664365,
      1.3252358280698575,
      1.0574540179128356,
      3.406381364439397,
      0.9068031759979667,
      1.6900230767655218,
      0.6050297513345941,
      1.1088773602161779,
      1.6177839781627208,
      2.885408809856932,
      0.8836249204272137,
      0.7776072273326677,
      0.6388395729758763,
      0.9860354963184637,
      0.9504972382916217,
      1.8111667510199059,
      1.958071755579963,
      1.9972230721679538,
      0.31689272632864235,
      0.472259462583864,
      0.357191825214408,
      2.957292849888222,
      0.8945708468310383,
      1.7275627340273352
    ],
    [
      2.1569258216266967,
      2.038560766815648,
      3.205346315142874,
      2.7320660680151936,
      3.6266172943943236,
      0.5576602908581534,
      3.0207803627539693,
      1.9828779589273764,
      3.7056018404572284,
      1.889683835989502,
      2.3866784450361136,
      3.0195961650525387,
      1.9884023737664365,
      0.0,
      2.820666942409189,
      1.5235750719935004,
      4.981691479808843,
      1.1933230912037194,
      2.6943188378512297,
      2.590704344382045,
      2.162450693079497,
      0.5081741827365889,
      1.3940789073793491,
      2.313847229183465,
      1.6650192191082962,
      1.47640780274286,
      2.2458784472896123,
      2.902650685149696,
      2.4351552311916387,
      0.032202484376209664,
      3.349422039695804,
      1.696421233066835,
      1.893518682242137,
      1.6323265604651536,
      4.282118751272552,
      2.7901442615033374,
      3.156417114387768
    ],
    [
      1.1593985509737366,
      0.8620835226357132,
      0.6116772024524044,
      1.5995652534360705,
      0.8949888267458985,
      2.2639525171699164,
      0.3250846043724617,
      1.6419966504228931,
      1.1218257440440558,
      1.161871335389595,
      1.7612382008121445,
      0.6981009955586651,
      1.3252358280698575,
      2.820666942409189,
      0.0,
      2.3608559888311698,
      2.1835869572792386,
      1.6519400715522343,
      0.6645900992341074,
      1.1339387108658032,
      2.402295776960031,
      2.3277115371110746,
      3.1643239404334067,
      2.108697465261435,
      2.0953035579600394,
      1.4141209283508966,
      2.2490326809541914,
      1.5486126048821887,
      1.0659085326612228,
      2.7886242127615546,
      3.0293566973864268,
      1.5695263616773056,
      1.7949910863288434,
      1.532184062049988,
      3.888902801562415,
      1.6788749208919644,
      0.4030198506277326
    ],
    [
      1.2504095329131173,
      1.5272108564307683,
      2.4552392958732145,
      1.464312125197357,
      3.2548256481722646,
      1.3333206666064998,
      2.6652926668566814,
      0.8086890626192489,
      2.830159006133754,
      1.2038405209993555,
      1.0569791861716107,
      2.1867747940745974,
      1.0574540179128356,
      1.5235750719935004,
      2.3608559888311698,
      0.0,
      4.463200757304113,
      1.1443063401030333,
      2.613094908341448,
      1.5559903598673102,
      0.6397327567039219,
      1.4278802470795646,
      2.802360612055486,
      0.8502999470775001,
      0.29339393313427625,
      1.136074381367699,
      0.7448657597178165,
      1.6616533934608626,
      2.6066073735796884,
      1.5035810586729268,
      1.8264952778477146,
      0.7921868466466734,
      0.6468910263715207,
      0.8438275890251513,
      2.7699718410121066,
      1.4911344674441676,
      2.7633747483828537
    ],
    [
      3.2129221901564944,
      3.0364255301258427,
      2.0211494254507767,
      3.3010127233926267,
      1.364768478533997,
      4.424340063783525,
      1.9609803670613337,
      3.6757591052733596,
      1.801989178657853,
      3.3082177981505403,
      3.6301190063137057,
      2.3053591911023332,
      3.406381364439397,
      4.981691479808843,
      2.1835869572792386,
      4.463200757304113,
      0.0,
      3.83253049563862,
      2.3555220228221185,
      2.9736692822168376,
      4.347902137813133,
      4.4789620449385374,
      5.079486785099456,
      3.9979956228090106,
      4.178062828632428,
      3.5972225396825266,
      4.163940441456867,
      3.1445255603985798,
      2.7484069931507604,
      4.950027979718903,
      4.5610369435030895,
      3.6941473982503736,
      3.8402907442015386,
      3.676590812151933,
      5.16267963367862,
      3.3441628249832576,
      1.8256092133860418
    ],
    [
      1.0331877854485116,
      0.8452561741862642,
      2.012034045437601,
      1.719756087356576,
      2.5000337997715154,
      0.6576602466319522,
      1.884403884521575,
      1.0475939098715679,
      2.5153101200448424,
      0.730581275423891,
      1.471073757498243,
      1.8317873784912917,
      0.9068031759979667,
      1.1933230912037194,
      1.6519400715522343,
      1.1443063401030333,
      3.83253049563862,
      0.0,
      1.65566240520222,
      1.4691837870055606,
      1.6042496688483365,
      0.7448281681032209,
      1.981991927329675,
      1.5644018026069897,
      1.046119018085418,
      0.29427877939124286,
      1.5823179200148112,
      1.8569030669369897,
      1.5357437937364429,
      1.161172252510367,
      2.7233685024248917,
      0.7071810235010549,
      1.0461476951176631,
      0.6052850568120769,
      3.700451999418449,
      1.7946099854843116,
      2.012851956801593
    ],
    [
      1.5768110222851692,
      1.1176206869953687,
      1.262906568198931,
      2.165288202526398,
      0.9996744470076253,
      2.148631424884221,
      0.53665631459995,
      2.0219003437360605,
      1.737367261116659,
      1.446936418782802,
      2.2445043996392613,
      1.3595238136936034,
      1.6900230767655218,
      2.6943188378512297,
      0.6645900992341074,
      2.613094908341448,
      2.3555220228221185,
      1.65566240520222,
      0.0,
      1.6927471754517862,
      2.7981181175926078,
      2.1862133930611622,
      2.7464031022411834,
      2.5563890548975525,
      2.388129184110441,
      1.511598491663709,
      2.673129252393157,
      2.148173410132431,
      0.45105321193845815,
      2.663941628489633,
      3.576988957209681,
      1.8457749050195693,
      2.1504625083920903,
      1.7749647883831388,
      4.475976429786019,
      2.250291758861504,
      0.6615323121359991
    ],
    [
      0.43807077053827764,
      0.8162309722131356,
      0.9572888801192662,
      0.47300317123672664,
      1.9243554765167477,
      2.1074178513052417,
      1.4533660929029546,
      0.7480427795253431,
      1.2750850951995314,
      0.7430921880897424,
      0.6683509557111446,
      0.6691741178497561,
      0.6050297513345941,
      2.590704344382045,
      1.1339387108658032,
      1.5559903598673102,
      2.9736692822168376,
      1.4691837870055606,
      1.6927471754517862,
      0.0,
      1.3760014534876048,
      2.202711964828811,
      3.413792758794828,
      1.0360733564762685,
      1.2626076191754905,
      1.1795664457757356,
      1.196560487397106,
      0.48088460154178303,
      1.9512867549389048,
      2.560101951094917,
      1.8979855110089752,
      0.91498743160767,
      0.9092249446644111,
      0.9620691243356695,
      2.78324163521603,
      0.5575446170487167,
      1.4941144534472584
    ],
    [
      1.24680150785921,
      1.6824199832384303,
      2.3331665178465077,
      1.1005525884754441,
      3.2629882010206535,
      1.933006466621361,
      2.7255577410871337,
      0.7768989638299177,
      2.605539099687433,
      1.3591651849572957,
      0.721668206310906,
      2.04511368877136,
      1.1088773602161779,
      2.162450693079497,
      2.402295776960031,
      0.6397327567039219,
      4.347902137813133,
      1.6042496688483365,
      2.7981181175926078,
      1.3760014534876048,
      0.0,
      2.032141727340885,
      3.4136773426907228,
      0.365978141423774,
      0.5668103739347045,
      1.4894794392672894,
      0.19531768993104595,
      1.2926291038035627,
      2.8897093279428643,
      2.141936040128182,
      1.1917889913906745,
      1.0020548887161818,
      0.6536252749091023,
      1.1000040909014837,
      2.1491696070808377,
      1.0919578746453553,
      2.797364831408302
    ],
    [
      1.7646671074171465,
      1.5764342675798442,
      2.740079195935767,
      2.408282375470119,
      3.1214336449778974,
      0.10316006979446982,
      2.5181280745823873,
      1.6817193582759276,
      3.2520790273300553,
      1.4720387223167732,
      2.105456957527273,
      2.5721045857429665,
      1.6177839781627208,
      0.5081741827365889,
      2.3277115371110746,
      1.4278802470795646,
      4.4789620449385374,
      0.7448281681032209,
      2.1862133930611622,
      2.202711964828811,
      2.032141727340885,
      0.0,
      1.3817007635519352,
      2.106049382137085,
      1.4806302712020982,
      1.0387940123046528,
      2.0733868428250424,
      2.562235352187616,
      1.9350710581268076,
      0.47773004929562435,
      3.2182642837405377,
      1.3599772056913304,
      1.6272608887329647,
      1.2765864639733566,
      4.1813110384184515,
      2.4757875514672096,
      2.6548284313680237
    ],
    [
      2.991663249765922,
      2.6527604490417143,
      3.708612274153231,
      3.7008195038396563,
      3.743328064703921,
      1.4817992441623118,
      3.232808376628593,
      3.015143943495898,
      4.243942153234419,
      2.6748788757624142,
      3.442175184385594,
      3.6189789996627497,
      2.885408809856932,
      1.3940789073793491,
      3.1643239404334067,
      2.802360612055486,
      5.079486785099456,
      1.981991927329675,
      2.7464031022411834,
      3.413792758794828,
      3.4136773426907228,
      1.3817007635519352,
      0.0,
      3.4779340131750627,
      2.861234873267135,
      2.249768877018259,
      3.452878509302057,
      3.8313440200535367,
      2.3316854419067767,
      1.3980919140027956,
      4.599654334838651,
      2.6783213026072876,
      2.9831414649660846,
      2.581722293353798,
      5.562811249718976,
      3.7764450214454337,
      3.3728185542658533
    ],
    [
      0.9801520290240694,
      1.4603907011481554,
      1.9912252509447543,
      0.7346209907156209,
      2.9480407052820694,
      2.0034275629530507,
      2.4337471109381927,
      0.5715732673944787,
      2.2442214685721193,
      1.1597629068046624,
      0.3688156721182008,
      1.7018019861311715,
      0.8836249204272137,
      2.313847229183465,
      2.108697465261435,
      0.8502999470775001,
      3.9979956228090106,
      1.5644018026069897,
      2.5563890548975525,
      1.0360733564762685,
      0.365978141423774,
      2.106049382137085,
      3.4779340131750627,
      0.0,
      0.6489268063502998,
      1.3888718443398584,
      0.1711870322191485,
      0.9268840272655481,
      2.6947845925045666,
      2.2898493400221764,
      1.161062013847667,
      0.8806645218242868,
      0.5199942307372264,
      0.987362648675754,
      2.1377301045735404,
      0.7272193616784423,
      2.49532563005312
    ],
    [
      0.9660165630050033,
      1.2822624536342004,
      2.1661117238037373,
      1.1890037846869956,
      2.9863506157181208,
      1.3796289356200098,
      2.4055521195767096,
      0.5154046953608391,
      2.5368027120767582,
      0.9524116756949168,
      0.788683079569988,
      1.8955526898506403,
      0.7776072273326677,
      1.6650192191082962,
      2.0953035579600394,
      0.29339393313427625,
      4.178062828632428,
      1.046119018085418,
      2.388129184110441,
      1.2626076191754905,
      0.5668103739347045,
      1.4806302712020982,
      2.861234873267135,
      0.6489268063502998,
      0.0,
      0.9670951349272727,
      0.5935596010511495,
      1.384151725787314,
      2.4190547740801573,
      1.6411861564124892,
      1.7388700353965503,
      0.543183210344355,
      0.3536382332271209,
      0.6162572514786334,
      2.707123935101605,
      1.2226569428911778,
      2.4983226372908685
    ],
    [
      0.7465929279065,
      0.5730636962851515,
      1.733409645756017,
      1.4549601369109741,
      2.2862101828134707,
      0.950133148563926,
      1.6710146618147912,
      0.8354980550545882,
      2.2291982863801056,
      0.4379052408912228,
      1.2430004022525498,
      1.5434821022609881,
      0.6388395729758763,
      1.47640780274286,
      1.4141209283508966,
      1.136074381367699,
      3.5972225396825266,
      0.29427877939124286,
      1.511598491663709,
      1.1795664457757356,
      1.4894794392672894,
      1.0387940123046528,
      2.249768877018259,
      1.3888718443398584,
      0.9670951349272727,
      0.0,
      1.4345208259206275,
      1.5815982422853156,
      1.4707253312566564,
      1.4444282605930965,
      2.5478539989567692,
      0.5082568248435039,
      0.8725027220587912,
      0.4018084120572887,
      3.5224419086764227,
      1.5333769921320726,
      1.7922904340535888
    ],
    [
      1.1043101919297853,
      1.5651428049861775,
      2.153441199568727,
      0.9057091144512124,
      3.0987315146685424,
      1.971981997889433,
      2.5735928193869357,
      0.6582377989754157,
      2.414358092744321,
      1.2517351956384382,
      0.5339850185164371,
      1.8644723114060981,
      0.9860354963184637,
      2.2458784472896123,
      2.2490326809541914,
      0.7448657597178165,
      4.163940441456867,
      1.5823179200148112,
      2.673129252393157,
      1.196560487397106,
      0.19531768993104595,
      2.0733868428250424,
      3.452878509302057,
      0.1711870322191485,
      0.5935596010511495,
      1.4345208259206275,
      0.0,
      1.0973572800141256,
      2.789833866021416,
      2.223428208870257,
      1.1514729697218258,
      0.9306583691129626,
      0.5661810664442953,
      1.0346980235798267,
      2.1254921782965943,
      0.8966744113668016,
      2.63991382435109
    ],
    [
      0.8455294199494182,
      1.2891877287656748,
      1.2171129775004446,
      0.1988818744883508,
      2.2500084444285977,
      2.4623996426250554,
      1.8528057102675384,
      0.9306395650304154,
      1.353007021415631,
      1.1635067683516072,
      0.6091543318404623,
      0.9432136555415209,
      0.9504972382916217,
      2.902650685149696,
      1.5486126048821887,
      1.6616533934608626,
      3.1445255603985798,
      1.8569030669369897,
      2.148173410132431,
      0.48088460154178303,
      1.2926291038035627,
      2.562235352187616,
      3.8313440200535367,
      0.9268840272655481,
      1.384151725787314,
      1.5815982422853156,
      1.0973572800141256,
      0.0,
      2.4268601113372807,
      2.8736624714812975,
      1.5075493358427783,
      1.2096892162865633,
      1.0545747958300544,
      1.2862087699903157,
      2.3403187817047493,
      0.20541178155110784,
      1.8697818054521755
    ],
    [
      1.7423116827938683,
      1.2384445889905613,
      1.677198259002197,
      2.4120704798989605,
      1.4184526780968059,
      1.9159650309961298,
      0.986351357275895,
      2.1320600366781424,
      2.171878910068423,
      1.538251604907338,
      2.4209644772280328,
      1.7333903195760612,
      1.8111667510199059,
      2.4351552311916387,
      1.0659085326612228,
      2.6066073735796884,
      2.7484069931507604,
      1.5357437937364429,
      0.45105321193845815,
      1.9512867549389048,
      2.8897093279428643,
      1.9350710581268076,
      2.3316854419067767,
      2.6947845925045666,
      2.4190547740801573,
      1.4707253312566564,
      2.789833866021416,
      2.4268601113372807,
      0.0,
      2.4066462141328544,
      3.780360432551373,
      1.8951986703245656,
      2.236662245400499,
      1.8070177088230213,
      4.7118660846844955,
      2.4998127929907077,
      1.1125798847723254
    ],
    [
      2.12607619807005,
      2.0064030003964803,
      3.1732009076010295,
      2.7036112886285997,
      3.595203749441748,
      0.5258478867505315,
      2.9891445264489973,
      1.9547935952422182,
      3.6736123910940846,
      1.8581549989169357,
      2.3596535762691944,
      2.987671333999106,
      1.958071755579963,
      0.032202484376209664,
      2.7886242127615546,
      1.5035810586729268,
      4.950027979718903,
      1.161172252510367,
      2.663941628489633,
      2.560101951094917,
      2.141936040128182,
      0.47773004929562435,
      1.3980919140027956,
      2.2898493400221764,
      1.6411861564124892,
      1.4444282605930965,
      2.223428208870257,
      2.8736624714812975,
      2.4066462141328544,
      0.0,
      3.3298614085273877,
      1.666897717318012,
      1.8666461903638831,
      1.6021775806695078,
      4.264563283620023,
      2.7620619109643436,
      3.1247047860557964
    ],
    [
      2.038853844688236,
      2.5463719288430746,
      2.720473671991699,
      1.429915032440739,
      3.757041522261898,
      3.1178551922756133,
      3.3441725433954512,
      1.7180701382656067,
      2.7654773548159812,
      2.2798835496577454,
      1.3629123229320366,
      2.4506025789588977,
      1.9972230721679538,
      3.349422039695804,
      3.0293566973864268,
      1.8264952778477146,
      4.5610369435030895,
      2.7233685024248917,
      3.576988957209681,
      1.8979855110089752,
      1.1917889913906745,
      3.2182642837405377,
      4.599654334838651,
      1.161062013847667,
      1.7388700353965503,
      2.5478539989567692,
      1.1514729697218258,
      1.5075493358427783,
      3.780360432551373,
      3.3298614085273877,
      0.0,
      2.0403296302313505,
      1.681028554189369,
      2.14719584574859,
      0.9770941612761791,
      1.3524352110175186,
      3.371131115812614
    ],
    [
      0.5129873292782191,
      0.7399844592962749,
      1.7110651653283107,
      1.0489966634837309,
      2.4641270259465116,
      1.2585737960088,
      1.8731377418652373,
      0.3404144532771775,
      2.1378493866500508,
      0.4123784669451108,
      0.765182984651384,
      1.4626250373899659,
      0.31689272632864235,
      1.696421233066835,
      1.5695263616773056,
      0.7921868466466734,
      3.6941473982503736,
      0.7071810235010549,
      1.8457749050195693,
      0.91498743160767,
      1.0020548887161818,
      1.3599772056913304,
      2.6783213026072876,
      0.8806645218242868,
      0.543183210344355,
      0.5082568248435039,
      0.9306583691129626,
      1.2096892162865633,
      1.8951986703245656,
      1.666897717318012,
      2.0403296302313505,
      0.0,
      0.3654531433713493,
      0.10688779163216008,
      3.0156975975717457,
      1.1158180855318671,
      1.9716896307482068
    ],
    [
      0.6409555366794177,
      1.032947723749852,
      1.8229876576652955,
      0.8655830404992929,
      2.6770181172341743,
      1.5241062955056646,
      2.1128580169997226,
      0.16500303027520438,
      2.1838763701272104,
      0.7065776673515801,
      0.4934257796264809,
      1.5483733399926518,
      0.472259462583864,
      1.893518682242137,
      1.7949910863288434,
      0.6468910263715207,
      3.8402907442015386,
      1.0461476951176631,
      2.1504625083920903,
      0.9092249446644111,
      0.6536252749091023,
      1.6272608887329647,
      2.9831414649660846,
      0.5199942307372264,
      0.3536382332271209,
      0.8725027220587912,
      0.5661810664442953,
      1.0545747958300544,
      2.236662245400499,
      1.8666461903638831,
      1.681028554189369,
      0.3654531433713493,
      0.0,
      0.47089383092157855,
      2.6577170654529803,
      0.9110707985661715,
      2.196416171858148
    ],
    [
      0.5393709298803566,
      0.6846546574733868,
      1.7118554261385512,
      1.1328940815451378,
      2.4269563242876875,
      1.1763388117375024,
      1.8285130571040507,
      0.44413624035874394,
      2.155927874489312,
      0.37113474641967986,
      0.865805982885312,
      1.474000339212987,
      0.357191825214408,
      1.6323265604651536,
      1.532184062049988,
      0.8438275890251513,
      3.676590812151933,
      0.6052850568120769,
      1.7749647883831388,
      0.9620691243356695,
      1.1000040909014837,
      1.2765864639733566,
      2.581722293353798,
      0.987362648675754,
      0.6162572514786334,
      0.4018084120572887,
      1.0346980235798267,
      1.2862087699903157,
      1.8070177088230213,
      1.6021775806695078,
      2.14719584574859,
      0.10688779163216008,
      0.47089383092157855,
      0.0,
      3.1225849868338256,
      1.202898582591235,
      1.9321814097025158
    ],
    [
      2.9812809327535708,
      3.4897061480875435,
      3.4984842432116223,
      2.3110954112714603,
      4.536458751052411,
      4.082059284233878,
      4.1901748173554765,
      2.6898315932414807,
      3.429500255139223,
      3.2392159545173893,
      2.3167617486483154,
      3.2540743691563043,
      2.957292849888222,
      4.282118751272552,
      3.888902801562415,
      2.7699718410121066,
      5.16267963367862,
      3.700451999418449,
      4.475976429786019,
      2.78324163521603,
      2.1491696070808377,
      4.1813110384184515,
      5.562811249718976,
      2.1377301045735404,
      2.707123935101605,
      3.5224419086764227,
      2.1254921782965943,
      2.3403187817047493,
      4.7118660846844955,
      4.264563283620023,
      0.9770941612761791,
      3.0156975975717457,
      2.6577170654529803,
      3.1225849868338256,
      0.0,
      2.225706629365155,
      4.198252017209067
    ],
    [
      0.8310487350330308,
      1.3147977030707048,
      1.3956597006433906,
      0.08829496021857666,
      2.418425934363093,
      2.3742792590594735,
      1.9919771585035808,
      0.8072719492215753,
      1.5563836288010735,
      1.1396639855676767,
      0.43468724388921315,
      1.114167850909368,
      0.8945708468310383,
      2.7901442615033374,
      1.6788749208919644,
      1.4911344674441676,
      3.3441628249832576,
      1.7946099854843116,
      2.250291758861504,
      0.5575446170487167,
      1.0919578746453553,
      2.4757875514672096,
      3.7764450214454337,
      0.7272193616784423,
      1.2226569428911778,
      1.5333769921320726,
      0.8966744113668016,
      0.20541178155110784,
      2.4998127929907077,
      2.7620619109643436,
      1.3524352110175186,
      1.1158180855318671,
      0.9110707985661715,
      1.202898582591235,
      2.225706629365155,
      0.0,
      2.019509346351237
    ],
    [
      1.5587905568099905,
      1.2558427449326608,
      0.7412475969606918,
      1.945286097210382,
      0.49638090213061187,
      2.59892901018862,
      0.14150971698084924,
      2.0420935336071167,
      1.1259307261106253,
      1.5627667772255722,
      2.1411970950848964,
      0.9464459836673192,
      1.7275627340273352,
      3.156417114387768,
      0.4030198506277326,
      2.7633747483828537,
      1.8256092133860418,
      2.012851956801593,
      0.6615323121359991,
      1.4941144534472584,
      2.797364831408302,
      2.6548284313680237,
      3.3728185542658533,
      2.49532563005312,
      2.4983226372908685,
      1.7922904340535888,
      2.63991382435109,
      1.8697818054521755,
      1.1125798847723254,
      3.1247047860557964,
      3.371131115812614,
      1.9716896307482068,
      2.196416171858148,
      1.9321814097025158,
      4.198252017209067,
      2.019509346351237,
      0.0
    ]
  ],
  "drivers": [
    {
      "capacity": 4,
      "driverId": "driver-01"
    },
    {
      "capacity": 4,
      "driverId": "driver-02"
    },
    {
      "capacity": 4,
      "driverId": "driver-03"
    },
    {
      "capacity": 4,
      "driverId": "driver-04"
    },
    {
      "capacity": 4,
      "driverId": "driver-05"
    },
    {
      "capacity": 4,
      "driverId": "driver-06"
    },
    {
      "capacity": 4,
      "driverId": "driver-07"
    }
  ],
  "durationMatrix": [
    [
      0.0,
      0.6103566170690706,
      1.4508173696230684,
      0.8946770590553891,
      2.4438818302037437,
      2.003241053892417,
      1.7768807275672724,
      0.5801972078526405,
      1.9498415935659998,
      0.3818414330582792,
      0.8147575835793124,
      1.142533605632674,
      0.23887235084873293,
      2.588310985952036,
      1.3912782611684837,
      1.5004914394957407,
      3.855506628187793,
      1.239825342538214,
      1.892173226742203,
      0.5256849246459332,
      1.496161809431052,
      2.1176005289005757,
      3.5899958997191064,
      1.1761824348288832,
      1.159219875606004,
      0.8959115134878,
      1.3251722303157423,
      1.014635303939302,
      2.090774019352642,
      2.55129143768406,
      2.446624613625883,
      0.6155847951338629,
      0.7691466440153013,
      0.647245115856428,
      3.5775371193042846,
      0.9972584820396369,
      1.8705486681719885
    ],
    [
      0.6103566170690706,
      0.0,
      1.4003053952620477,
      1.472251337238313,
      2.102566089329893,
      1.7959975501096876,
      1.3762467220669408,
      1.090366910723175,
      2.0109712280388297,
      0.39742470985080974,
      1.421134420102476,
      1.200161389147309,
      0.6950994173497779,
      2.446272920178777,
      1.0345002271628558,
      1.8326530277169217,
      3.643710636151011,
      1.014307409023517,
      1.3411448243944424,
      0.9794771666557627,
      2.018903979886116,
      1.891721121095813,
      3.183312538850057,
      1.7524688413777865,
      1.5387149443610404,
      0.6876764355421818,
      1.878171365983413,
      1.5470252745188098,
      1.4861335067886736,
      2.4076836004757762,
      3.0556463146116895,
      0.8879813511555298,
      1.2395372684998225,
      0.8215855889680642,
      4.187647377705052,
      1.5777572436848457,
      1.5070112939191929
    ],
    [
      1.4508173696230684,
      1.4003053952620477,
      0.0,
      1.602730170677522,
      1.2490437942682397,
      3.195057182586878,
      0.9430908333771463,
      1.9896600714694959,
      0.6424473207975886,
      1.6349091717890634,
      1.946972911984139,
      0.34761081686276657,
      1.6884221746944692,
      3.846415578171449,
      0.7340126429428853,
      2.9462871550478575,
      2.425379310540932,
      2.4144408545251212,
      1.5154878818387172,
      1.1487466561431194,
      2.7997998214158093,
      3.2880950351229203,
      4.450334728983877,
      2.3894703011337053,
      2.5993340685644846,
      2.0800915749072204,
      2.584129439482472,
      1.4605355730005334,
      2.012637910802636,
      3.807841089121235,
      3.2645684063900386,
      2.0532781983939725,
      2.1875851891983547,
      2.054226511366261,
      4.198181091853947,
      1.6747916407720687,
      0.8894971163528301
    ],
    [
      0.8946770590553891,
      1.472251337238313,
      1.602730170677522,
      0.0,
      2.8214906698410327,
      2.7686915321140417,
      2.29748861150605,
      0.9012790910700199,
      1.8267114057781537,
      1.2674238438659742,
      0.492399350121423,
      1.261132062870499,
      0.9796006533276713,
      3.278479281618232,
      1.9194783041232846,
      1.7571745502368283,
      3.961215268071152,
      2.0637073048278913,
      2.598345843031678,
      0.567603805484072,
      1.320663106170533,
      2.8899388505641426,
      4.440983404607588,
      0.8815451888587451,
      1.4268045416243946,
      1.745952164293169,
      1.0868509373414548,
      0.23865824938602093,
      2.8944845758787525,
      3.2443335463543197,
      1.7158980389288867,
      1.258795996180477,
      1.0386996485991515,
      1.3594728978541653,
      2.7733144935257523,
      0.105953952262292,
      2.3343433166524585
    ],
    [
      2.4438818302037437,
      2.102566089329893,
      1.2490437942682397,
      2.8214906698410327,
      0.0,
      3.6846609179136145,
      0.7394074384262038,
      3.023643788543882,
      1.47169225043825,
      2.468206603994082,
      3.1038433207879548,
      1.5682572237997183,
      2.6542375176310053,
      4.351940753273188,
